Generation = 10 
MeanFitness = 0.436879954019703 
BestFitness = 0.933859072325286 
PopulationSize = 90 
AvgComplexity= 11.38202 
AmountSpecies = 1 
--------
 Species = 0 
Id = 0 
MeanFitness = 0.436879954019703 
Members = 89