Generation = 1 
MeanFitness = 0.0852006880769952 
BestFitness = 0.90685349632063 
PopulationSize = 90 
AvgComplexity= 11.08989 
AmountSpecies = 1 
--------
 Species = 0 
Id = 0 
MeanFitness = 0.0852006880769952 
Members = 89