Generation = 17 
MeanFitness = 0.550673945597645 
BestFitness = 0.93405346070634 
PopulationSize = 90 
AvgComplexity= 11.06742 
AmountSpecies = 1 
--------
 Species = 0 
Id = 0 
MeanFitness = 0.550673945597645 
Members = 89