Generation = 6 
MeanFitness = 0.397814280950062 
BestFitness = 0.930663892819451 
PopulationSize = 90 
AvgComplexity= 11.30337 
AmountSpecies = 1 
--------
 Species = 0 
Id = 0 
MeanFitness = 0.397814280950062 
Members = 89