Generation = 3 
MeanFitness = 0.292401959299811 
BestFitness = 0.918979925940859 
PopulationSize = 90 
AvgComplexity= 11.1573 
AmountSpecies = 1 
--------
 Species = 0 
Id = 0 
MeanFitness = 0.292401959299811 
Members = 89