Generation = 13 
MeanFitness = 0.0253948897727273 
BestFitness = 0.035625 
PopulationSize = 90 
AvgComplexity= 38.28409 
AmountSpecies = 4 
--------
 Species = 0 
Id = 3 
MeanFitness = 0.0265773857142857 
Members = 42--------
 Species = 1 
Id = 2 
MeanFitness = 0.0237857142857143 
Members = 21--------
 Species = 2 
Id = 1 
MeanFitness = 0.022706255 
Members = 20--------
 Species = 3 
Id = 0 
MeanFitness = 0.032975 
Members = 5