Generation = 3 
MeanFitness = 0.020029502247191 
BestFitness = 0.031375 
PopulationSize = 90 
AvgComplexity= 35.2809 
AmountSpecies = 1 
--------
 Species = 0 
Id = 0 
MeanFitness = 0.020029502247191 
Members = 89