Generation = 4 
MeanFitness = 0.0221404516853932 
BestFitness = 0.035625 
PopulationSize = 90 
AvgComplexity= 35.2809 
AmountSpecies = 1 
--------
 Species = 0 
Id = 0 
MeanFitness = 0.0221404516853932 
Members = 89