Generation = 14 
MeanFitness = 0.512017922211866 
BestFitness = 0.912429580234396 
PopulationSize = 90 
AvgComplexity= 15.1413 
AmountSpecies = 3 
--------
 Species = 0 
Id = 2 
MeanFitness = 0.57417285911875 
Members = 35--------
 Species = 1 
Id = 1 
MeanFitness = 0.487978810488806 
Members = 31--------
 Species = 2 
Id = 0 
MeanFitness = 0.457009832660864 
Members = 26