Generation = 2 
MeanFitness = 0.271637436625043 
BestFitness = 0.848662824931077 
PopulationSize = 90 
AvgComplexity= 11.24719 
AmountSpecies = 1 
--------
 Species = 0 
Id = 0 
MeanFitness = 0.271637436625043 
Members = 89