Generation = 13 
MeanFitness = 0.560642357469762 
BestFitness = 0.906043523973658 
PopulationSize = 90 
AvgComplexity= 15.06742 
AmountSpecies = 3 
--------
 Species = 0 
Id = 2 
MeanFitness = 0.632904680697619 
Members = 28--------
 Species = 1 
Id = 1 
MeanFitness = 0.55123577160496 
Members = 35--------
 Species = 2 
Id = 0 
MeanFitness = 0.495484105734689 
Members = 26