Generation = 6 
MeanFitness = 0.368721729632435 
BestFitness = 0.900543178460657 
PopulationSize = 90 
AvgComplexity= 11.2809 
AmountSpecies = 1 
--------
 Species = 0 
Id = 0 
MeanFitness = 0.368721729632435 
Members = 89