Generation = 16 
MeanFitness = 0.540799341216222 
BestFitness = 0.912429580234396 
PopulationSize = 90 
AvgComplexity= 14.88043 
AmountSpecies = 4 
--------
 Species = 0 
Id = 3 
MeanFitness = 0.037 
Members = 1--------
 Species = 1 
Id = 2 
MeanFitness = 0.653841152932324 
Members = 34--------
 Species = 2 
Id = 1 
MeanFitness = 0.384006164971671 
Members = 26--------
 Species = 3 
Id = 0 
MeanFitness = 0.564573545255807 
Members = 31