Generation = 10 
MeanFitness = 0.380683249052175 
BestFitness = 0.906043523973658 
PopulationSize = 90 
AvgComplexity= 11.78652 
AmountSpecies = 2 
--------
 Species = 0 
Id = 1 
MeanFitness = 0.663606174065107 
Members = 1--------
 Species = 1 
Id = 0 
MeanFitness = 0.377468215813391 
Members = 88