Generation = 19 
MeanFitness = 0.345496770984528 
BestFitness = 0.579595114020401 
PopulationSize = 90 
AvgComplexity= 7.022472 
AmountSpecies = 1 
--------
 Species = 0 
Id = 0 
MeanFitness = 0.345496770984528 
Members = 89