Generation = 16 
MeanFitness = 0.332800780359926 
BestFitness = 0.57477040854679 
PopulationSize = 90 
AvgComplexity= 7.022472 
AmountSpecies = 1 
--------
 Species = 0 
Id = 0 
MeanFitness = 0.332800780359926 
Members = 89