Generation = 17 
MeanFitness = 0.338101242847997 
BestFitness = 0.57477040854679 
PopulationSize = 90 
AvgComplexity= 7.022472 
AmountSpecies = 1 
--------
 Species = 0 
Id = 0 
MeanFitness = 0.338101242847997 
Members = 89