Generation = 7 
MeanFitness = 0.21872877832891 
BestFitness = 0.568035476160212 
PopulationSize = 90 
AvgComplexity= 7.044944 
AmountSpecies = 1 
--------
 Species = 0 
Id = 0 
MeanFitness = 0.21872877832891 
Members = 89