Generation = 6 
MeanFitness = 159.065190012352 
BestFitness = 174.144147190182 
PopulationSize = 90 
AvgComplexity= 11.02247 
AmountSpecies = 1 
--------
 Species = 0 
Id = 0 
MeanFitness = 159.065190012352 
Members = 89