Generation = 24 
MeanFitness = 167.032750378535 
BestFitness = 174.496307685778 
PopulationSize = 90 
AvgComplexity= 11.38202 
AmountSpecies = 1 
--------
 Species = 0 
Id = 0 
MeanFitness = 167.032750378535 
Members = 89