Generation = 930 
MeanFitness = 0.776306663978521 
BestFitness = 0.943690089060252 
PopulationSize = 90 
AvgComplexity= 53.45555 
AmountSpecies = 7 
--------
 Species = 0 
Id = 16 
MeanFitness = 0.856574875099764 
Members = 12--------
 Species = 1 
Id = 64 
MeanFitness = 0.77570488561977 
Members = 12--------
 Species = 2 
Id = 62 
MeanFitness = 0.808673843656931 
Members = 11--------
 Species = 3 
Id = 60 
MeanFitness = 0.69771806377452 
Members = 16--------
 Species = 4 
Id = 58 
MeanFitness = 0.658076037894378 
Members = 11--------
 Species = 5 
Id = 38 
MeanFitness = 0.795624039545203 
Members = 16--------
 Species = 6 
Id = 53 
MeanFitness = 0.854376689937709 
Members = 12