Generation = 598 
MeanFitness = 0.78315637723656 
BestFitness = 0.943506256411701 
PopulationSize = 90 
AvgComplexity= 46.20238 
AmountSpecies = 7 
--------
 Species = 0 
Id = 16 
MeanFitness = 0.926998961591547 
Members = 12--------
 Species = 1 
Id = 48 
MeanFitness = 0.516468337491969 
Members = 12--------
 Species = 2 
Id = 31 
MeanFitness = 0.840586952243214 
Members = 11--------
 Species = 3 
Id = 47 
MeanFitness = 0.754101158296433 
Members = 12--------
 Species = 4 
Id = 44 
MeanFitness = 0.723250472758477 
Members = 14--------
 Species = 5 
Id = 38 
MeanFitness = 0.840805408248293 
Members = 12--------
 Species = 6 
Id = 53 
MeanFitness = 0.904789655185286 
Members = 11