Generation = 847 
MeanFitness = 0.79762533467776 
BestFitness = 0.943265887986214 
PopulationSize = 90 
AvgComplexity= 52.72941 
AmountSpecies = 7 
--------
 Species = 0 
Id = 16 
MeanFitness = 0.872870916996555 
Members = 14--------
 Species = 1 
Id = 62 
MeanFitness = 0.719430343534281 
Members = 12--------
 Species = 2 
Id = 44 
MeanFitness = 0.848040808042305 
Members = 12--------
 Species = 3 
Id = 60 
MeanFitness = 0.782620974687013 
Members = 12--------
 Species = 4 
Id = 58 
MeanFitness = 0.739560358633801 
Members = 11--------
 Species = 5 
Id = 38 
MeanFitness = 0.834619575852281 
Members = 12--------
 Species = 6 
Id = 53 
MeanFitness = 0.768854686607953 
Members = 12