Generation = 784 
MeanFitness = 0.779711443725199 
BestFitness = 0.944708032716401 
PopulationSize = 90 
AvgComplexity= 46.15789 
AmountSpecies = 6 
--------
 Species = 0 
Id = 16 
MeanFitness = 0.817289076566149 
Members = 16--------
 Species = 1 
Id = 44 
MeanFitness = 0.815259026164785 
Members = 17--------
 Species = 2 
Id = 60 
MeanFitness = 0.803596183187749 
Members = 16--------
 Species = 3 
Id = 58 
MeanFitness = 0.77019591530471 
Members = 16--------
 Species = 4 
Id = 38 
MeanFitness = 0.635062679745371 
Members = 16--------
 Species = 5 
Id = 53 
MeanFitness = 0.842491573730636 
Members = 14