Generation = 736 
MeanFitness = 0.750515859475807 
BestFitness = 0.944194891997414 
PopulationSize = 90 
AvgComplexity= 51.5 
AmountSpecies = 6 
--------
 Species = 0 
Id = 16 
MeanFitness = 0.879586658602287 
Members = 16--------
 Species = 1 
Id = 48 
MeanFitness = 0.582371397024887 
Members = 14--------
 Species = 2 
Id = 44 
MeanFitness = 0.73101516107004 
Members = 11--------
 Species = 3 
Id = 58 
MeanFitness = 0.710727449607356 
Members = 17--------
 Species = 4 
Id = 38 
MeanFitness = 0.760014114013696 
Members = 18--------
 Species = 5 
Id = 53 
MeanFitness = 0.813567844277952 
Members = 16