Generation = 783 
MeanFitness = 0.82156345822303 
BestFitness = 0.943585650095286 
PopulationSize = 90 
AvgComplexity= 47.21111 
AmountSpecies = 6 
--------
 Species = 0 
Id = 16 
MeanFitness = 0.827374178954231 
Members = 17--------
 Species = 1 
Id = 44 
MeanFitness = 0.869409359661754 
Members = 17--------
 Species = 2 
Id = 60 
MeanFitness = 0.794864734016953 
Members = 14--------
 Species = 3 
Id = 58 
MeanFitness = 0.816792798357436 
Members = 14--------
 Species = 4 
Id = 38 
MeanFitness = 0.826006693882143 
Members = 11--------
 Species = 5 
Id = 53 
MeanFitness = 0.790947764567997 
Members = 17