Generation = 659 
MeanFitness = 0.813319345691093 
BestFitness = 0.943053623439383 
PopulationSize = 90 
AvgComplexity= 49.05376 
AmountSpecies = 6 
--------
 Species = 0 
Id = 16 
MeanFitness = 0.858106313726517 
Members = 14--------
 Species = 1 
Id = 48 
MeanFitness = 0.806417030706979 
Members = 14--------
 Species = 2 
Id = 47 
MeanFitness = 0.856241953900337 
Members = 17--------
 Species = 3 
Id = 44 
MeanFitness = 0.660240605321754 
Members = 14--------
 Species = 4 
Id = 38 
MeanFitness = 0.80628431115769 
Members = 17--------
 Species = 5 
Id = 53 
MeanFitness = 0.872297490983043 
Members = 17