Generation = 851 
MeanFitness = 0.817153797914426 
BestFitness = 0.947015889571181 
PopulationSize = 90 
AvgComplexity= 53.31818 
AmountSpecies = 7 
--------
 Species = 0 
Id = 16 
MeanFitness = 0.871437700073144 
Members = 17--------
 Species = 1 
Id = 62 
MeanFitness = 0.729131588198205 
Members = 14--------
 Species = 2 
Id = 44 
MeanFitness = 0.745924042960032 
Members = 11--------
 Species = 3 
Id = 60 
MeanFitness = 0.858258204185653 
Members = 12--------
 Species = 4 
Id = 58 
MeanFitness = 0.750764239288334 
Members = 11--------
 Species = 5 
Id = 38 
MeanFitness = 0.905012140928768 
Members = 12--------
 Species = 6 
Id = 53 
MeanFitness = 0.842221439486004 
Members = 11