Generation = 796 
MeanFitness = 0.755052844368365 
BestFitness = 0.943838402386047 
PopulationSize = 90 
AvgComplexity= 47.60215 
AmountSpecies = 6 
--------
 Species = 0 
Id = 16 
MeanFitness = 0.817290826200088 
Members = 16--------
 Species = 1 
Id = 44 
MeanFitness = 0.760812434937191 
Members = 17--------
 Species = 2 
Id = 60 
MeanFitness = 0.820046371045324 
Members = 17--------
 Species = 3 
Id = 58 
MeanFitness = 0.653469981786784 
Members = 17--------
 Species = 4 
Id = 38 
MeanFitness = 0.745654208835311 
Members = 12--------
 Species = 5 
Id = 53 
MeanFitness = 0.729415814925339 
Members = 14