Generation = 673 
MeanFitness = 0.771061086590635 
BestFitness = 0.941740429711951 
PopulationSize = 90 
AvgComplexity= 47.8427 
AmountSpecies = 6 
--------
 Species = 0 
Id = 16 
MeanFitness = 0.827395393884513 
Members = 18--------
 Species = 1 
Id = 48 
MeanFitness = 0.772816331893939 
Members = 14--------
 Species = 2 
Id = 47 
MeanFitness = 0.702874759742803 
Members = 14--------
 Species = 3 
Id = 44 
MeanFitness = 0.853345050188158 
Members = 12--------
 Species = 4 
Id = 38 
MeanFitness = 0.749075316177775 
Members = 17--------
 Species = 5 
Id = 53 
MeanFitness = 0.721230239746489 
Members = 14