Generation = 844 
MeanFitness = 0.79660514566086 
BestFitness = 0.943440157393788 
PopulationSize = 90 
AvgComplexity= 51.68235 
AmountSpecies = 7 
--------
 Species = 0 
Id = 16 
MeanFitness = 0.854761317767852 
Members = 12--------
 Species = 1 
Id = 62 
MeanFitness = 0.619592386802527 
Members = 10--------
 Species = 2 
Id = 44 
MeanFitness = 0.843728814349326 
Members = 12--------
 Species = 3 
Id = 60 
MeanFitness = 0.821304644153421 
Members = 16--------
 Species = 4 
Id = 58 
MeanFitness = 0.754794700061114 
Members = 12--------
 Species = 5 
Id = 38 
MeanFitness = 0.834032525289861 
Members = 11--------
 Species = 6 
Id = 53 
MeanFitness = 0.813405286863763 
Members = 12