Generation = 611 
MeanFitness = 0.75844112911745 
BestFitness = 0.941867237162366 
PopulationSize = 90 
AvgComplexity= 46.22727 
AmountSpecies = 7 
--------
 Species = 0 
Id = 16 
MeanFitness = 0.749834236544112 
Members = 16--------
 Species = 1 
Id = 48 
MeanFitness = 0.620127083181794 
Members = 16--------
 Species = 2 
Id = 31 
MeanFitness = 0.674605560274669 
Members = 11--------
 Species = 3 
Id = 47 
MeanFitness = 0.82129508620646 
Members = 11--------
 Species = 4 
Id = 44 
MeanFitness = 0.758019891741026 
Members = 11--------
 Species = 5 
Id = 38 
MeanFitness = 0.823179257265961 
Members = 12--------
 Species = 6 
Id = 53 
MeanFitness = 0.922923749007801 
Members = 11