Generation = 811 
MeanFitness = 0.793131486042784 
BestFitness = 0.944198896553366 
PopulationSize = 90 
AvgComplexity= 47.29032 
AmountSpecies = 6 
--------
 Species = 0 
Id = 16 
MeanFitness = 0.826688925849192 
Members = 17--------
 Species = 1 
Id = 44 
MeanFitness = 0.78427907716463 
Members = 14--------
 Species = 2 
Id = 60 
MeanFitness = 0.819052342763976 
Members = 16--------
 Species = 3 
Id = 58 
MeanFitness = 0.738528346444581 
Members = 16--------
 Species = 4 
Id = 38 
MeanFitness = 0.842853523644178 
Members = 14--------
 Species = 5 
Id = 53 
MeanFitness = 0.750398063992649 
Members = 16