Generation = 733 
MeanFitness = 0.832912122411937 
BestFitness = 0.944257105984743 
PopulationSize = 90 
AvgComplexity= 50.6413 
AmountSpecies = 6 
--------
 Species = 0 
Id = 16 
MeanFitness = 0.880087989210483 
Members = 18--------
 Species = 1 
Id = 48 
MeanFitness = 0.755126418519176 
Members = 12--------
 Species = 2 
Id = 44 
MeanFitness = 0.858521006505222 
Members = 16--------
 Species = 3 
Id = 58 
MeanFitness = 0.873420874196952 
Members = 14--------
 Species = 4 
Id = 38 
MeanFitness = 0.801308411277634 
Members = 16--------
 Species = 5 
Id = 53 
MeanFitness = 0.808728219412272 
Members = 16