Generation = 842 
MeanFitness = 0.778088101050211 
BestFitness = 0.944659263059964 
PopulationSize = 90 
AvgComplexity= 51.88764 
AmountSpecies = 7 
--------
 Species = 0 
Id = 16 
MeanFitness = 0.858559121017977 
Members = 13--------
 Species = 1 
Id = 62 
MeanFitness = 0.5846082269746 
Members = 11--------
 Species = 2 
Id = 44 
MeanFitness = 0.81896724162245 
Members = 11--------
 Species = 3 
Id = 60 
MeanFitness = 0.878837460325673 
Members = 17--------
 Species = 4 
Id = 58 
MeanFitness = 0.7005698335484 
Members = 14--------
 Species = 5 
Id = 38 
MeanFitness = 0.743625270749844 
Members = 11--------
 Species = 6 
Id = 53 
MeanFitness = 0.810095816017097 
Members = 12