Generation = 824 
MeanFitness = 0.776763515121637 
BestFitness = 0.944342480401271 
PopulationSize = 90 
AvgComplexity= 47.37634 
AmountSpecies = 7 
--------
 Species = 0 
Id = 16 
MeanFitness = 0.818281397705729 
Members = 16--------
 Species = 1 
Id = 62 
MeanFitness = 0.875613439387909 
Members = 1--------
 Species = 2 
Id = 44 
MeanFitness = 0.843772916434894 
Members = 16--------
 Species = 3 
Id = 60 
MeanFitness = 0.735434602740657 
Members = 14--------
 Species = 4 
Id = 58 
MeanFitness = 0.648729315930168 
Members = 15--------
 Species = 5 
Id = 38 
MeanFitness = 0.802146997473518 
Members = 17--------
 Species = 6 
Id = 53 
MeanFitness = 0.793357236164486 
Members = 14