Generation = 625 
MeanFitness = 0.767770028713719 
BestFitness = 0.942323609056694 
PopulationSize = 90 
AvgComplexity= 48.85714 
AmountSpecies = 7 
--------
 Species = 0 
Id = 16 
MeanFitness = 0.67615669477838 
Members = 11--------
 Species = 1 
Id = 48 
MeanFitness = 0.764169184532308 
Members = 16--------
 Species = 2 
Id = 31 
MeanFitness = 0.844113997397391 
Members = 12--------
 Species = 3 
Id = 47 
MeanFitness = 0.904639944216833 
Members = 14--------
 Species = 4 
Id = 44 
MeanFitness = 0.748353471954698 
Members = 11--------
 Species = 5 
Id = 38 
MeanFitness = 0.740050558379657 
Members = 11--------
 Species = 6 
Id = 53 
MeanFitness = 0.689741906024188 
Members = 16