Generation = 644 
MeanFitness = 0.782791409314263 
BestFitness = 0.941069418151572 
PopulationSize = 90 
AvgComplexity= 49.17347 
AmountSpecies = 6 
--------
 Species = 0 
Id = 16 
MeanFitness = 0.866663855890631 
Members = 16--------
 Species = 1 
Id = 48 
MeanFitness = 0.705145162420236 
Members = 16--------
 Species = 2 
Id = 47 
MeanFitness = 0.784091586245474 
Members = 17--------
 Species = 3 
Id = 44 
MeanFitness = 0.796226162447698 
Members = 16--------
 Species = 4 
Id = 38 
MeanFitness = 0.73728675628193 
Members = 16--------
 Species = 5 
Id = 53 
MeanFitness = 0.805814714939812 
Members = 17