Generation = 792 
MeanFitness = 0.820589189762674 
BestFitness = 0.942988622093559 
PopulationSize = 90 
AvgComplexity= 46.02222 
AmountSpecies = 6 
--------
 Species = 0 
Id = 16 
MeanFitness = 0.770921572086846 
Members = 17--------
 Species = 1 
Id = 44 
MeanFitness = 0.931308856096907 
Members = 12--------
 Species = 2 
Id = 60 
MeanFitness = 0.865263520961861 
Members = 14--------
 Species = 3 
Id = 58 
MeanFitness = 0.850701368139408 
Members = 16--------
 Species = 4 
Id = 38 
MeanFitness = 0.858541373908107 
Members = 17--------
 Species = 5 
Id = 53 
MeanFitness = 0.660824252847645 
Members = 14