Generation = 726 
MeanFitness = 0.79025739068041 
BestFitness = 0.943713044959534 
PopulationSize = 90 
AvgComplexity= 51.39785 
AmountSpecies = 6 
--------
 Species = 0 
Id = 16 
MeanFitness = 0.876373701965202 
Members = 17--------
 Species = 1 
Id = 48 
MeanFitness = 0.749290723383992 
Members = 14--------
 Species = 2 
Id = 44 
MeanFitness = 0.790660363222495 
Members = 14--------
 Species = 3 
Id = 58 
MeanFitness = 0.72496074464351 
Members = 17--------
 Species = 4 
Id = 38 
MeanFitness = 0.856658979352648 
Members = 17--------
 Species = 5 
Id = 53 
MeanFitness = 0.724909562817445 
Members = 14