Generation = 628 
MeanFitness = 0.759340054947678 
BestFitness = 0.943364811454197 
PopulationSize = 90 
AvgComplexity= 47.81395 
AmountSpecies = 7 
--------
 Species = 0 
Id = 16 
MeanFitness = 0.748427857568053 
Members = 11--------
 Species = 1 
Id = 48 
MeanFitness = 0.823964155920272 
Members = 14--------
 Species = 2 
Id = 31 
MeanFitness = 0.858632471958729 
Members = 12--------
 Species = 3 
Id = 47 
MeanFitness = 0.737419379445106 
Members = 11--------
 Species = 4 
Id = 44 
MeanFitness = 0.755026012486502 
Members = 12--------
 Species = 5 
Id = 38 
MeanFitness = 0.809991982075703 
Members = 12--------
 Species = 6 
Id = 53 
MeanFitness = 0.595687238372899 
Members = 14