Generation = 833 
MeanFitness = 0.761055219009097 
BestFitness = 0.943863647090333 
PopulationSize = 90 
AvgComplexity= 50.54945 
AmountSpecies = 7 
--------
 Species = 0 
Id = 16 
MeanFitness = 0.820867386803449 
Members = 16--------
 Species = 1 
Id = 62 
MeanFitness = 0.650769413044032 
Members = 10--------
 Species = 2 
Id = 44 
MeanFitness = 0.862120813976272 
Members = 16--------
 Species = 3 
Id = 60 
MeanFitness = 0.703390330830554 
Members = 16--------
 Species = 4 
Id = 58 
MeanFitness = 0.729679319012207 
Members = 11--------
 Species = 5 
Id = 38 
MeanFitness = 0.67300443504983 
Members = 11--------
 Species = 6 
Id = 53 
MeanFitness = 0.830613908994607 
Members = 11