Generation = 834 
MeanFitness = 0.764347896111978 
BestFitness = 0.944504147306223 
PopulationSize = 90 
AvgComplexity= 52.27273 
AmountSpecies = 7 
--------
 Species = 0 
Id = 16 
MeanFitness = 0.863676414205342 
Members = 14--------
 Species = 1 
Id = 62 
MeanFitness = 0.422552924520638 
Members = 11--------
 Species = 2 
Id = 44 
MeanFitness = 0.802993174368869 
Members = 16--------
 Species = 3 
Id = 60 
MeanFitness = 0.932029450600801 
Members = 11--------
 Species = 4 
Id = 58 
MeanFitness = 0.741155380690943 
Members = 11--------
 Species = 5 
Id = 38 
MeanFitness = 0.837091205000032 
Members = 11--------
 Species = 6 
Id = 53 
MeanFitness = 0.718723978581488 
Members = 14