Generation = 615 
MeanFitness = 0.781773861529312 
BestFitness = 0.943652151609046 
PopulationSize = 90 
AvgComplexity= 46.67816 
AmountSpecies = 7 
--------
 Species = 0 
Id = 16 
MeanFitness = 0.776005961611239 
Members = 12--------
 Species = 1 
Id = 48 
MeanFitness = 0.571721786935023 
Members = 14--------
 Species = 2 
Id = 31 
MeanFitness = 0.766351799235425 
Members = 11--------
 Species = 3 
Id = 47 
MeanFitness = 0.902225055544222 
Members = 11--------
 Species = 4 
Id = 44 
MeanFitness = 0.922336895464324 
Members = 12--------
 Species = 5 
Id = 38 
MeanFitness = 0.786130207182002 
Members = 14--------
 Species = 6 
Id = 53 
MeanFitness = 0.789995257532993 
Members = 13