Generation = 845 
MeanFitness = 0.814487058477464 
BestFitness = 0.943062745649976 
PopulationSize = 90 
AvgComplexity= 51.82954 
AmountSpecies = 7 
--------
 Species = 0 
Id = 16 
MeanFitness = 0.868344604199142 
Members = 14--------
 Species = 1 
Id = 62 
MeanFitness = 0.734187580111414 
Members = 11--------
 Species = 2 
Id = 44 
MeanFitness = 0.785821305344999 
Members = 14--------
 Species = 3 
Id = 60 
MeanFitness = 0.929308573663434 
Members = 12--------
 Species = 4 
Id = 58 
MeanFitness = 0.735100473068749 
Members = 11--------
 Species = 5 
Id = 38 
MeanFitness = 0.782672701054535 
Members = 14--------
 Species = 6 
Id = 53 
MeanFitness = 0.853770760724363 
Members = 12