Generation = 740 
MeanFitness = 0.836116224915572 
BestFitness = 0.942851318738571 
PopulationSize = 90 
AvgComplexity= 50.83333 
AmountSpecies = 6 
--------
 Species = 0 
Id = 16 
MeanFitness = 0.933329135061046 
Members = 17--------
 Species = 1 
Id = 48 
MeanFitness = 0.747717429295767 
Members = 12--------
 Species = 2 
Id = 44 
MeanFitness = 0.825139525523536 
Members = 14--------
 Species = 3 
Id = 58 
MeanFitness = 0.777967267661309 
Members = 16--------
 Species = 4 
Id = 38 
MeanFitness = 0.858699512468015 
Members = 17--------
 Species = 5 
Id = 53 
MeanFitness = 0.843852460210559 
Members = 14