Generation = 788 
MeanFitness = 0.799587046238836 
BestFitness = 0.942226575029428 
PopulationSize = 90 
AvgComplexity= 44.47253 
AmountSpecies = 6 
--------
 Species = 0 
Id = 16 
MeanFitness = 0.867762834150546 
Members = 16--------
 Species = 1 
Id = 44 
MeanFitness = 0.80314764245359 
Members = 16--------
 Species = 2 
Id = 60 
MeanFitness = 0.765052848242245 
Members = 17--------
 Species = 3 
Id = 58 
MeanFitness = 0.492447905318122 
Members = 11--------
 Species = 4 
Id = 38 
MeanFitness = 0.860705476051065 
Members = 17--------
 Species = 5 
Id = 53 
MeanFitness = 0.926645365041591 
Members = 14