Generation = 8 
MeanFitness = 0.605754840907349 
BestFitness = 0.911763194289287 
PopulationSize = 90 
AvgComplexity= 11.23596 
AmountSpecies = 1 
--------
 Species = 0 
Id = 0 
MeanFitness = 0.605754840907349 
Members = 89