Generation = 800 
MeanFitness = 0.760568849776929 
BestFitness = 0.943358756610797 
PopulationSize = 90 
AvgComplexity= 47.69565 
AmountSpecies = 6 
--------
 Species = 0 
Id = 16 
MeanFitness = 0.773123735929343 
Members = 17--------
 Species = 1 
Id = 44 
MeanFitness = 0.757651555398645 
Members = 17--------
 Species = 2 
Id = 60 
MeanFitness = 0.817494307974645 
Members = 16--------
 Species = 3 
Id = 58 
MeanFitness = 0.681079636326889 
Members = 16--------
 Species = 4 
Id = 38 
MeanFitness = 0.813743584547727 
Members = 12--------
 Species = 5 
Id = 53 
MeanFitness = 0.729074864536029 
Members = 14