Generation = 917 
MeanFitness = 0.778907348088489 
BestFitness = 0.94415016213475 
PopulationSize = 90 
AvgComplexity= 54.05495 
AmountSpecies = 7 
--------
 Species = 0 
Id = 16 
MeanFitness = 0.803459018465315 
Members = 14--------
 Species = 1 
Id = 64 
MeanFitness = 0.933811077767647 
Members = 14--------
 Species = 2 
Id = 62 
MeanFitness = 0.702714646345879 
Members = 14--------
 Species = 3 
Id = 60 
MeanFitness = 0.849003003472229 
Members = 12--------
 Species = 4 
Id = 58 
MeanFitness = 0.630901364038126 
Members = 10--------
 Species = 5 
Id = 38 
MeanFitness = 0.748590727074871 
Members = 16--------
 Species = 6 
Id = 53 
MeanFitness = 0.749661905882073 
Members = 11