Generation = 819 
MeanFitness = 0.783909818919933 
BestFitness = 0.942831745910976 
PopulationSize = 90 
AvgComplexity= 47.93814 
AmountSpecies = 6 
--------
 Species = 0 
Id = 16 
MeanFitness = 0.714150489980072 
Members = 17--------
 Species = 1 
Id = 44 
MeanFitness = 0.867348138877643 
Members = 17--------
 Species = 2 
Id = 60 
MeanFitness = 0.846970519899213 
Members = 16--------
 Species = 3 
Id = 58 
MeanFitness = 0.746021761024133 
Members = 17--------
 Species = 4 
Id = 38 
MeanFitness = 0.715510384437541 
Members = 14--------
 Species = 5 
Id = 53 
MeanFitness = 0.806420756670569 
Members = 16