Generation = 739 
MeanFitness = 0.768135100530551 
BestFitness = 0.943527727931539 
PopulationSize = 90 
AvgComplexity= 50.94565 
AmountSpecies = 6 
--------
 Species = 0 
Id = 16 
MeanFitness = 0.878446366154265 
Members = 17--------
 Species = 1 
Id = 48 
MeanFitness = 0.675668154341087 
Members = 12--------
 Species = 2 
Id = 44 
MeanFitness = 0.737026930091925 
Members = 17--------
 Species = 3 
Id = 58 
MeanFitness = 0.740623348497674 
Members = 14--------
 Species = 4 
Id = 38 
MeanFitness = 0.849526991859071 
Members = 16--------
 Species = 5 
Id = 53 
MeanFitness = 0.696012913238744 
Members = 16