Generation = 732 
MeanFitness = 0.812560778112817 
BestFitness = 0.945011120548942 
PopulationSize = 90 
AvgComplexity= 52.50526 
AmountSpecies = 6 
--------
 Species = 0 
Id = 16 
MeanFitness = 0.883905741178953 
Members = 17--------
 Species = 1 
Id = 48 
MeanFitness = 0.728619696937776 
Members = 16--------
 Species = 2 
Id = 44 
MeanFitness = 0.898346718686873 
Members = 16--------
 Species = 3 
Id = 58 
MeanFitness = 0.771357720746444 
Members = 16--------
 Species = 4 
Id = 38 
MeanFitness = 0.797839810027589 
Members = 16--------
 Species = 5 
Id = 53 
MeanFitness = 0.787732369878324 
Members = 14