Generation = 14 
MeanFitness = 0.670092781465949 
BestFitness = 0.912802354646004 
PopulationSize = 90 
AvgComplexity= 11.40449 
AmountSpecies = 1 
--------
 Species = 0 
Id = 0 
MeanFitness = 0.670092781465949 
Members = 89