Generation = 782 
MeanFitness = 0.818176045576886 
BestFitness = 0.944157121590624 
PopulationSize = 90 
AvgComplexity= 45.16667 
AmountSpecies = 6 
--------
 Species = 0 
Id = 16 
MeanFitness = 0.938394975316871 
Members = 17--------
 Species = 1 
Id = 44 
MeanFitness = 0.927497261246865 
Members = 14--------
 Species = 2 
Id = 60 
MeanFitness = 0.756344611861172 
Members = 18--------
 Species = 3 
Id = 58 
MeanFitness = 0.778521664582595 
Members = 13--------
 Species = 4 
Id = 38 
MeanFitness = 0.647683045308192 
Members = 14--------
 Species = 5 
Id = 53 
MeanFitness = 0.849687184049092 
Members = 14