Generation = 597 
MeanFitness = 0.818529161090818 
BestFitness = 0.944180872146785 
PopulationSize = 90 
AvgComplexity= 46.45977 
AmountSpecies = 7 
--------
 Species = 0 
Id = 16 
MeanFitness = 0.843820001072379 
Members = 11--------
 Species = 1 
Id = 48 
MeanFitness = 0.804401376765847 
Members = 11--------
 Species = 2 
Id = 31 
MeanFitness = 0.7869504582734 
Members = 14--------
 Species = 3 
Id = 47 
MeanFitness = 0.83366619647317 
Members = 12--------
 Species = 4 
Id = 44 
MeanFitness = 0.863088439460342 
Members = 17--------
 Species = 5 
Id = 38 
MeanFitness = 0.821228029300238 
Members = 11--------
 Species = 6 
Id = 53 
MeanFitness = 0.759480844731513 
Members = 11