Generation = 672 
MeanFitness = 0.743269683195524 
BestFitness = 0.944332622824738 
PopulationSize = 90 
AvgComplexity= 49.21875 
AmountSpecies = 6 
--------
 Species = 0 
Id = 16 
MeanFitness = 0.930610686465338 
Members = 16--------
 Species = 1 
Id = 48 
MeanFitness = 0.699491229306641 
Members = 14--------
 Species = 2 
Id = 47 
MeanFitness = 0.678048830272744 
Members = 16--------
 Species = 3 
Id = 44 
MeanFitness = 0.640080961473267 
Members = 16--------
 Species = 4 
Id = 38 
MeanFitness = 0.79923428324104 
Members = 17--------
 Species = 5 
Id = 53 
MeanFitness = 0.70554011235283 
Members = 17