Generation = 848 
MeanFitness = 0.848514723175512 
BestFitness = 0.944752293267298 
PopulationSize = 90 
AvgComplexity= 52.45882 
AmountSpecies = 7 
--------
 Species = 0 
Id = 16 
MeanFitness = 0.869661747956464 
Members = 14--------
 Species = 1 
Id = 62 
MeanFitness = 0.796733886105793 
Members = 11--------
 Species = 2 
Id = 44 
MeanFitness = 0.857305773558642 
Members = 14--------
 Species = 3 
Id = 60 
MeanFitness = 0.940367661041482 
Members = 12--------
 Species = 4 
Id = 58 
MeanFitness = 0.892429418777998 
Members = 11--------
 Species = 5 
Id = 38 
MeanFitness = 0.765210169585651 
Members = 12--------
 Species = 6 
Id = 53 
MeanFitness = 0.808952349769068 
Members = 11