Generation = 929 
MeanFitness = 0.783098972055196 
BestFitness = 0.94554673792744 
PopulationSize = 90 
AvgComplexity= 55.52874 
AmountSpecies = 7 
--------
 Species = 0 
Id = 16 
MeanFitness = 0.761949644152874 
Members = 16--------
 Species = 1 
Id = 64 
MeanFitness = 0.804422347017797 
Members = 14--------
 Species = 2 
Id = 62 
MeanFitness = 0.652376520804486 
Members = 12--------
 Species = 3 
Id = 60 
MeanFitness = 0.931117178148205 
Members = 12--------
 Species = 4 
Id = 58 
MeanFitness = 0.655010708807512 
Members = 11--------
 Species = 5 
Id = 38 
MeanFitness = 0.912891426466753 
Members = 11--------
 Species = 6 
Id = 53 
MeanFitness = 0.766150502605243 
Members = 11