Generation = 906 
MeanFitness = 0.755355335002178 
BestFitness = 0.943704922040474 
PopulationSize = 90 
AvgComplexity= 54.52273 
AmountSpecies = 7 
--------
 Species = 0 
Id = 16 
MeanFitness = 0.780709206106921 
Members = 14--------
 Species = 1 
Id = 64 
MeanFitness = 0.860627821271857 
Members = 14--------
 Species = 2 
Id = 62 
MeanFitness = 0.590625982116768 
Members = 12--------
 Species = 3 
Id = 60 
MeanFitness = 0.804857871757479 
Members = 14--------
 Species = 4 
Id = 58 
MeanFitness = 0.714445093407989 
Members = 11--------
 Species = 5 
Id = 38 
MeanFitness = 0.731318864752145 
Members = 11--------
 Species = 6 
Id = 53 
MeanFitness = 0.769468797260111 
Members = 12