Generation = 839 
MeanFitness = 0.747014474880341 
BestFitness = 0.943648905811985 
PopulationSize = 90 
AvgComplexity= 52.33333 
AmountSpecies = 7 
--------
 Species = 0 
Id = 16 
MeanFitness = 0.762361420472983 
Members = 11--------
 Species = 1 
Id = 62 
MeanFitness = 0.600241103136345 
Members = 11--------
 Species = 2 
Id = 44 
MeanFitness = 0.752808720253961 
Members = 11--------
 Species = 3 
Id = 60 
MeanFitness = 0.865474292328165 
Members = 14--------
 Species = 4 
Id = 58 
MeanFitness = 0.778281576759075 
Members = 14--------
 Species = 5 
Id = 38 
MeanFitness = 0.744073126333671 
Members = 12--------
 Species = 6 
Id = 53 
MeanFitness = 0.698519710633438 
Members = 14