Generation = 936 
MeanFitness = 0.797280467451928 
BestFitness = 0.944233322961226 
PopulationSize = 90 
AvgComplexity= 55.17978 
AmountSpecies = 7 
--------
 Species = 0 
Id = 16 
MeanFitness = 0.863536345847983 
Members = 14--------
 Species = 1 
Id = 64 
MeanFitness = 0.817595543992319 
Members = 16--------
 Species = 2 
Id = 62 
MeanFitness = 0.656224130713991 
Members = 11--------
 Species = 3 
Id = 60 
MeanFitness = 0.855258886830367 
Members = 12--------
 Species = 4 
Id = 58 
MeanFitness = 0.747069294555124 
Members = 11--------
 Species = 5 
Id = 38 
MeanFitness = 0.780101369159868 
Members = 14--------
 Species = 6 
Id = 53 
MeanFitness = 0.833288233573625 
Members = 11