Generation = 746 
MeanFitness = 0.804388733175899 
BestFitness = 0.942872046165803 
PopulationSize = 90 
AvgComplexity= 52.03261 
AmountSpecies = 6 
--------
 Species = 0 
Id = 16 
MeanFitness = 0.879209427513341 
Members = 16--------
 Species = 1 
Id = 48 
MeanFitness = 0.860620209755805 
Members = 14--------
 Species = 2 
Id = 44 
MeanFitness = 0.727621912369589 
Members = 14--------
 Species = 3 
Id = 58 
MeanFitness = 0.806999382130335 
Members = 17--------
 Species = 4 
Id = 38 
MeanFitness = 0.753549669365428 
Members = 17--------
 Species = 5 
Id = 53 
MeanFitness = 0.797977787627556 
Members = 14