Generation = 656 
MeanFitness = 0.81320355026153 
BestFitness = 0.946341866929352 
PopulationSize = 90 
AvgComplexity= 47.93478 
AmountSpecies = 6 
--------
 Species = 0 
Id = 16 
MeanFitness = 0.814315842171555 
Members = 16--------
 Species = 1 
Id = 48 
MeanFitness = 0.675226126806721 
Members = 13--------
 Species = 2 
Id = 47 
MeanFitness = 0.766481839986887 
Members = 13--------
 Species = 3 
Id = 44 
MeanFitness = 0.811975699066681 
Members = 17--------
 Species = 4 
Id = 38 
MeanFitness = 0.903828920781321 
Members = 17--------
 Species = 5 
Id = 53 
MeanFitness = 0.867174440223935 
Members = 16