Generation = 790 
MeanFitness = 0.759039168872724 
BestFitness = 0.941964090489515 
PopulationSize = 90 
AvgComplexity= 46.78261 
AmountSpecies = 6 
--------
 Species = 0 
Id = 16 
MeanFitness = 0.658544058033782 
Members = 14--------
 Species = 1 
Id = 44 
MeanFitness = 0.792219690214569 
Members = 14--------
 Species = 2 
Id = 60 
MeanFitness = 0.875097633440301 
Members = 17--------
 Species = 3 
Id = 58 
MeanFitness = 0.679920054235566 
Members = 16--------
 Species = 4 
Id = 38 
MeanFitness = 0.774639902134902 
Members = 14--------
 Species = 5 
Id = 53 
MeanFitness = 0.76003363498064 
Members = 17