Generation = 596 
MeanFitness = 0.76233040636622 
BestFitness = 0.942937716025377 
PopulationSize = 90 
AvgComplexity= 45.1573 
AmountSpecies = 7 
--------
 Species = 0 
Id = 16 
MeanFitness = 0.735810285946501 
Members = 14--------
 Species = 1 
Id = 48 
MeanFitness = 0.727882717297637 
Members = 11--------
 Species = 2 
Id = 31 
MeanFitness = 0.808876202363245 
Members = 16--------
 Species = 3 
Id = 47 
MeanFitness = 0.777815101918128 
Members = 14--------
 Species = 4 
Id = 44 
MeanFitness = 0.919011370273687 
Members = 11--------
 Species = 5 
Id = 38 
MeanFitness = 0.657155910228023 
Members = 11--------
 Species = 6 
Id = 53 
MeanFitness = 0.697506793573669 
Members = 12