Generation = 913 
MeanFitness = 0.758191556250679 
BestFitness = 0.944068351204427 
PopulationSize = 90 
AvgComplexity= 55.48837 
AmountSpecies = 7 
--------
 Species = 0 
Id = 16 
MeanFitness = 0.735851708725903 
Members = 14--------
 Species = 1 
Id = 64 
MeanFitness = 0.859453588051623 
Members = 12--------
 Species = 2 
Id = 62 
MeanFitness = 0.511452932184113 
Members = 14--------
 Species = 3 
Id = 60 
MeanFitness = 0.857191794018337 
Members = 12--------
 Species = 4 
Id = 58 
MeanFitness = 0.723010873016379 
Members = 11--------
 Species = 5 
Id = 38 
MeanFitness = 0.825805295345414 
Members = 12--------
 Species = 6 
Id = 53 
MeanFitness = 0.843607375695772 
Members = 11