Generation = 666 
MeanFitness = 0.733375414714245 
BestFitness = 0.943131964341535 
PopulationSize = 90 
AvgComplexity= 48.38044 
AmountSpecies = 6 
--------
 Species = 0 
Id = 16 
MeanFitness = 0.768623389827742 
Members = 17--------
 Species = 1 
Id = 48 
MeanFitness = 0.820797144285364 
Members = 14--------
 Species = 2 
Id = 47 
MeanFitness = 0.676529867629568 
Members = 16--------
 Species = 3 
Id = 44 
MeanFitness = 0.65042999948969 
Members = 17--------
 Species = 4 
Id = 38 
MeanFitness = 0.799305645421254 
Members = 17--------
 Species = 5 
Id = 53 
MeanFitness = 0.676617878280425 
Members = 11