Generation = 903 
MeanFitness = 0.773311317373879 
BestFitness = 0.943393217003455 
PopulationSize = 90 
AvgComplexity= 54.51852 
AmountSpecies = 7 
--------
 Species = 0 
Id = 16 
MeanFitness = 0.767803749180392 
Members = 11--------
 Species = 1 
Id = 64 
MeanFitness = 0.928589550433133 
Members = 11--------
 Species = 2 
Id = 62 
MeanFitness = 0.733706324135267 
Members = 11--------
 Species = 3 
Id = 60 
MeanFitness = 0.863011202576007 
Members = 12--------
 Species = 4 
Id = 58 
MeanFitness = 0.820290089357882 
Members = 12--------
 Species = 5 
Id = 38 
MeanFitness = 0.536215795439446 
Members = 12--------
 Species = 6 
Id = 53 
MeanFitness = 0.772742983130626 
Members = 12