Generation = 943 
MeanFitness = 0.800967120712864 
BestFitness = 0.943949661677685 
PopulationSize = 90 
AvgComplexity= 57.35165 
AmountSpecies = 7 
--------
 Species = 0 
Id = 16 
MeanFitness = 0.936027714767986 
Members = 16--------
 Species = 1 
Id = 64 
MeanFitness = 0.928339797312752 
Members = 11--------
 Species = 2 
Id = 62 
MeanFitness = 0.827144153090488 
Members = 14--------
 Species = 3 
Id = 60 
MeanFitness = 0.762985963622548 
Members = 16--------
 Species = 4 
Id = 58 
MeanFitness = 0.741176697085944 
Members = 11--------
 Species = 5 
Id = 38 
MeanFitness = 0.67184395655027 
Members = 11--------
 Species = 6 
Id = 53 
MeanFitness = 0.697400502243055 
Members = 12