Generation = 737 
MeanFitness = 0.797897937083123 
BestFitness = 0.944869942192202 
PopulationSize = 90 
AvgComplexity= 50.48352 
AmountSpecies = 6 
--------
 Species = 0 
Id = 16 
MeanFitness = 0.773510751067282 
Members = 17--------
 Species = 1 
Id = 48 
MeanFitness = 0.807689910409053 
Members = 12--------
 Species = 2 
Id = 44 
MeanFitness = 0.736125416436413 
Members = 16--------
 Species = 3 
Id = 58 
MeanFitness = 0.744490435291541 
Members = 13--------
 Species = 4 
Id = 38 
MeanFitness = 0.917978551777989 
Members = 16--------
 Species = 5 
Id = 53 
MeanFitness = 0.801335966546549 
Members = 17