Generation = 6 
MeanFitness = 0.518766968249568 
BestFitness = 0.903465772748361 
PopulationSize = 90 
AvgComplexity= 11.38202 
AmountSpecies = 1 
--------
 Species = 0 
Id = 0 
MeanFitness = 0.518766968249568 
Members = 89