Generation = 642 
MeanFitness = 0.767371762689784 
BestFitness = 0.942939719342478 
PopulationSize = 90 
AvgComplexity= 47.45055 
AmountSpecies = 6 
--------
 Species = 0 
Id = 16 
MeanFitness = 0.692005096634854 
Members = 16--------
 Species = 1 
Id = 48 
MeanFitness = 0.750655923567399 
Members = 12--------
 Species = 2 
Id = 47 
MeanFitness = 0.792555578037948 
Members = 17--------
 Species = 3 
Id = 44 
MeanFitness = 0.912597142767791 
Members = 12--------
 Species = 4 
Id = 38 
MeanFitness = 0.685431599469434 
Members = 17--------
 Species = 5 
Id = 53 
MeanFitness = 0.804348826174406 
Members = 17