Generation = 718 
MeanFitness = 0.803773357431892 
BestFitness = 0.945721677810414 
PopulationSize = 90 
AvgComplexity= 50.67391 
AmountSpecies = 6 
--------
 Species = 0 
Id = 16 
MeanFitness = 0.827064292529301 
Members = 17--------
 Species = 1 
Id = 48 
MeanFitness = 0.825926903715212 
Members = 14--------
 Species = 2 
Id = 44 
MeanFitness = 0.860317571856415 
Members = 16--------
 Species = 3 
Id = 58 
MeanFitness = 0.571825664672006 
Members = 12--------
 Species = 4 
Id = 38 
MeanFitness = 0.803399228022453 
Members = 16--------
 Species = 5 
Id = 53 
MeanFitness = 0.873100146152764 
Members = 17