Generation = 909 
MeanFitness = 0.796348546189958 
BestFitness = 0.944687362357734 
PopulationSize = 90 
AvgComplexity= 54.88372 
AmountSpecies = 7 
--------
 Species = 0 
Id = 16 
MeanFitness = 0.937697325484903 
Members = 14--------
 Species = 1 
Id = 64 
MeanFitness = 0.783729055923283 
Members = 12--------
 Species = 2 
Id = 62 
MeanFitness = 0.650981840435842 
Members = 12--------
 Species = 3 
Id = 60 
MeanFitness = 0.797362840508079 
Members = 14--------
 Species = 4 
Id = 58 
MeanFitness = 0.817505047036177 
Members = 11--------
 Species = 5 
Id = 38 
MeanFitness = 0.834180797044672 
Members = 11--------
 Species = 6 
Id = 53 
MeanFitness = 0.73417146726965 
Members = 12