Generation = 801 
MeanFitness = 0.797528893137604 
BestFitness = 0.943497294349932 
PopulationSize = 90 
AvgComplexity= 45.76087 
AmountSpecies = 6 
--------
 Species = 0 
Id = 16 
MeanFitness = 0.814670833929724 
Members = 16--------
 Species = 1 
Id = 44 
MeanFitness = 0.738609314524474 
Members = 16--------
 Species = 2 
Id = 60 
MeanFitness = 0.877909645887902 
Members = 16--------
 Species = 3 
Id = 58 
MeanFitness = 0.90735563551226 
Members = 12--------
 Species = 4 
Id = 38 
MeanFitness = 0.673999406005463 
Members = 17--------
 Species = 5 
Id = 53 
MeanFitness = 0.808490928729734 
Members = 15