Generation = 616 
MeanFitness = 0.81478640336919 
BestFitness = 0.940467903032427 
PopulationSize = 90 
AvgComplexity= 46.97778 
AmountSpecies = 7 
--------
 Species = 0 
Id = 16 
MeanFitness = 0.848465517338143 
Members = 12--------
 Species = 1 
Id = 48 
MeanFitness = 0.620960679237677 
Members = 10--------
 Species = 2 
Id = 31 
MeanFitness = 0.852105264379061 
Members = 12--------
 Species = 3 
Id = 47 
MeanFitness = 0.785400398069395 
Members = 16--------
 Species = 4 
Id = 44 
MeanFitness = 0.865034281174362 
Members = 16--------
 Species = 5 
Id = 38 
MeanFitness = 0.841316836268487 
Members = 12--------
 Species = 6 
Id = 53 
MeanFitness = 0.850963602260164 
Members = 12