Generation = 920 
MeanFitness = 0.789528501348563 
BestFitness = 0.94381048627829 
PopulationSize = 90 
AvgComplexity= 53.7907 
AmountSpecies = 7 
--------
 Species = 0 
Id = 16 
MeanFitness = 0.804134441954074 
Members = 14--------
 Species = 1 
Id = 64 
MeanFitness = 0.854631670314849 
Members = 11--------
 Species = 2 
Id = 62 
MeanFitness = 0.639110137910153 
Members = 11--------
 Species = 3 
Id = 60 
MeanFitness = 0.925336587612703 
Members = 13--------
 Species = 4 
Id = 58 
MeanFitness = 0.734851353330812 
Members = 11--------
 Species = 5 
Id = 38 
MeanFitness = 0.728245452543405 
Members = 15--------
 Species = 6 
Id = 53 
MeanFitness = 0.83399879312629 
Members = 11