Generation = 679 
MeanFitness = 0.744827673210541 
BestFitness = 0.943812384325969 
PopulationSize = 90 
AvgComplexity= 48.06742 
AmountSpecies = 5 
--------
 Species = 0 
Id = 16 
MeanFitness = 0.659258425632414 
Members = 17--------
 Species = 1 
Id = 48 
MeanFitness = 0.698120295572003 
Members = 17--------
 Species = 2 
Id = 44 
MeanFitness = 0.777521174839212 
Members = 20--------
 Species = 3 
Id = 38 
MeanFitness = 0.756336568701105 
Members = 17--------
 Species = 4 
Id = 53 
MeanFitness = 0.822559971697782 
Members = 18