Generation = 681 
MeanFitness = 0.794648021159251 
BestFitness = 0.943700606022131 
PopulationSize = 90 
AvgComplexity= 47.54023 
AmountSpecies = 5 
--------
 Species = 0 
Id = 16 
MeanFitness = 0.819960949416849 
Members = 18--------
 Species = 1 
Id = 48 
MeanFitness = 0.679426267091865 
Members = 17--------
 Species = 2 
Id = 44 
MeanFitness = 0.805941261109603 
Members = 17--------
 Species = 3 
Id = 38 
MeanFitness = 0.799051798864621 
Members = 17--------
 Species = 4 
Id = 53 
MeanFitness = 0.863330677290447 
Members = 18