Generation = 649 
MeanFitness = 0.765179122439452 
BestFitness = 0.941685049859499 
PopulationSize = 90 
AvgComplexity= 51.1 
AmountSpecies = 6 
--------
 Species = 0 
Id = 16 
MeanFitness = 0.731699683090177 
Members = 14--------
 Species = 1 
Id = 48 
MeanFitness = 0.780381492698294 
Members = 17--------
 Species = 2 
Id = 47 
MeanFitness = 0.666143884154998 
Members = 16--------
 Species = 3 
Id = 44 
MeanFitness = 0.821818505915403 
Members = 17--------
 Species = 4 
Id = 38 
MeanFitness = 0.839996767824298 
Members = 12--------
 Species = 5 
Id = 53 
MeanFitness = 0.760475865677416 
Members = 14