Generation = 804 
MeanFitness = 0.768616552444955 
BestFitness = 0.944023059740552 
PopulationSize = 90 
AvgComplexity= 47.10309 
AmountSpecies = 6 
--------
 Species = 0 
Id = 16 
MeanFitness = 0.704452672957591 
Members = 16--------
 Species = 1 
Id = 44 
MeanFitness = 0.914432806592694 
Members = 16--------
 Species = 2 
Id = 60 
MeanFitness = 0.870005665252741 
Members = 16--------
 Species = 3 
Id = 58 
MeanFitness = 0.686043784990458 
Members = 16--------
 Species = 4 
Id = 38 
MeanFitness = 0.739112002826502 
Members = 17--------
 Species = 5 
Id = 53 
MeanFitness = 0.699496416400897 
Members = 16