Generation = 12 
MeanFitness = 0.702196208351406 
BestFitness = 0.886636681447741 
PopulationSize = 90 
AvgComplexity= 11.32584 
AmountSpecies = 1 
--------
 Species = 0 
Id = 0 
MeanFitness = 0.702196208351406 
Members = 89