Generation = 668 
MeanFitness = 0.808874685856372 
BestFitness = 0.944273902577721 
PopulationSize = 90 
AvgComplexity= 48.11579 
AmountSpecies = 6 
--------
 Species = 0 
Id = 16 
MeanFitness = 0.816546324177164 
Members = 16--------
 Species = 1 
Id = 48 
MeanFitness = 0.737673831624174 
Members = 11--------
 Species = 2 
Id = 47 
MeanFitness = 0.856086652857132 
Members = 17--------
 Species = 3 
Id = 44 
MeanFitness = 0.807824482641137 
Members = 17--------
 Species = 4 
Id = 38 
MeanFitness = 0.74035757964574 
Members = 17--------
 Species = 5 
Id = 53 
MeanFitness = 0.870080803776864 
Members = 17