Generation = 8 
MeanFitness = 0.406314599475277 
BestFitness = 0.900543178460657 
PopulationSize = 90 
AvgComplexity= 11.44944 
AmountSpecies = 1 
--------
 Species = 0 
Id = 0 
MeanFitness = 0.406314599475277 
Members = 89