Generation = 19 
MeanFitness = 0.556544050396088 
BestFitness = 0.929204180836903 
PopulationSize = 90 
AvgComplexity= 14.77778 
AmountSpecies = 4 
--------
 Species = 0 
Id = 3 
MeanFitness = 0.03825 
Members = 2--------
 Species = 1 
Id = 2 
MeanFitness = 0.631563458404424 
Members = 31--------
 Species = 2 
Id = 1 
MeanFitness = 0.511743798146958 
Members = 26--------
 Species = 3 
Id = 0 
MeanFitness = 0.552537373331931 
Members = 31