Generation = 11 
MeanFitness = 0.379981011401099 
BestFitness = 0.906043523973658 
PopulationSize = 90 
AvgComplexity= 14.75556 
AmountSpecies = 3 
--------
 Species = 0 
Id = 2 
MeanFitness = 0.78101798997793 
Members = 1--------
 Species = 1 
Id = 1 
MeanFitness = 0.350197708409425 
Members = 56--------
 Species = 2 
Id = 0 
MeanFitness = 0.418369738339186 
Members = 33