Generation = 34 
MeanFitness = 0.262707649126559 
BestFitness = 0.863448351667394 
PopulationSize = 90 
AvgComplexity= 7.086957 
AmountSpecies = 7 
--------
 Species = 0 
Id = 16 
MeanFitness = 0.035375 
Members = 3--------
 Species = 1 
Id = 31 
MeanFitness = 0.031375 
Members = 1--------
 Species = 2 
Id = 39 
MeanFitness = 0.042375 
Members = 1--------
 Species = 3 
Id = 40 
MeanFitness = 0.571308445425757 
Members = 29--------
 Species = 4 
Id = 22 
MeanFitness = 0.0717783822724742 
Members = 33--------
 Species = 5 
Id = 3 
MeanFitness = 0.217254225534991 
Members = 23--------
 Species = 6 
Id = 1 
MeanFitness = 0.027875 
Members = 2