Generation = 1 
MeanFitness = 0.0396567752812388 
BestFitness = 0.181275235690713 
PopulationSize = 90 
AvgComplexity= 7.022472 
AmountSpecies = 1 
--------
 Species = 0 
Id = 0 
MeanFitness = 0.0396567752812388 
Members = 89