Generation = 9 
MeanFitness = 0.48900677525442 
BestFitness = 0.859163876938989 
PopulationSize = 90 
AvgComplexity= 7 
AmountSpecies = 1 
--------
 Species = 0 
Id = 0 
MeanFitness = 0.48900677525442 
Members = 89