Generation = 14 
MeanFitness = 0.536377034704981 
BestFitness = 0.859163876938989 
PopulationSize = 90 
AvgComplexity= 7.011236 
AmountSpecies = 1 
--------
 Species = 0 
Id = 0 
MeanFitness = 0.536377034704981 
Members = 89