Generation = 18 
MeanFitness = 0.527204245099087 
BestFitness = 0.862451401982234 
PopulationSize = 90 
AvgComplexity= 7.044944 
AmountSpecies = 1 
--------
 Species = 0 
Id = 0 
MeanFitness = 0.527204245099087 
Members = 89