Generation = 20 
MeanFitness = 0.528787958794345 
BestFitness = 0.829409658894501 
PopulationSize = 90 
AvgComplexity= 7.011236 
AmountSpecies = 1 
--------
 Species = 0 
Id = 0 
MeanFitness = 0.528787958794345 
Members = 89