Generation = 22 
MeanFitness = 0.529695398245349 
BestFitness = 0.835493760859305 
PopulationSize = 90 
AvgComplexity= 7.022472 
AmountSpecies = 1 
--------
 Species = 0 
Id = 0 
MeanFitness = 0.529695398245349 
Members = 89