Generation = 18 
MeanFitness = 0.520423921040601 
BestFitness = 0.826672665499136 
PopulationSize = 90 
AvgComplexity= 7.022472 
AmountSpecies = 1 
--------
 Species = 0 
Id = 0 
MeanFitness = 0.520423921040601 
Members = 89