
RMSDBaseline =

    8.1372


RMSDALL =

    9.4064


RMSDBaseline =

    8.1372


RMSDALL =

    7.7636


RMSDBaseline =

    8.1372


RMSDALL =

    7.7636


RMSDBaseline =

    8.1372


RMSDALL =

    7.7636


RMSDBaseline =

    8.1372


RMSDALL =

    7.7636


RMSDBaseline =

    8.1372


RMSDALL =

    7.7636


RMSDBaseline =

    8.1372


RMSDALL =

    7.7636


RMSDBaseline =

    8.1372


RMSDALL =

    7.7636


RMSDBaseline =

    8.1372


RMSDALL =

    7.7636


RMSDBaseline =

    8.1372


RMSDALL =

    7.7636


RMSDBaseline =

    8.1372


RMSDALL =

    7.7636


RMSDBaseline =

    8.1372


RMSDALL =

    7.7636


RMSDBaseline =

    8.1372


RMSDALL =

    7.7636


RMSDBaseline =

    8.1372


RMSDALL =

    7.7636


RMSDBaseline =

    8.1372


RMSDALL =

    7.7636


RMSDBaseline =

    8.1372


RMSDALL =

    7.7636


RMSDBaseline =

    8.1372


RMSDALL =

    7.7636


RMSDBaseline =

    8.1372


RMSDALL =

    7.7636


RMSDBaseline =

    8.1372


RMSDALL =

    7.7636


RMSDBaseline =

    8.1372


RMSDALL =

    7.7636


RMSDBaseline =

    8.1372


RMSDALL =

    7.7636


RMSDBaseline =

    8.1372


RMSDALL =

    7.7636


RMSDBaseline =

    8.1372


RMSDALL =

    7.7636


RMSDBaseline =

    8.1372


RMSDALL =

    7.7636


RMSDBaseline =

    8.1372


RMSDALL =

    7.7636


RMSDBaseline =

    8.1372


RMSDALL =

    7.7636


RMSDBaseline =

    8.1372


RMSDALL =

    7.7636


RMSDBaseline =

    8.1372


RMSDALL =

    7.7636


RMSDBaseline =

    8.1372


RMSDALL =

    7.7636


RMSDBaseline =

    8.1372


RMSDALL =

    7.7636


RMSDBaseline =

    8.1372


RMSDALL =

    7.7636


RMSDBaseline =

    8.1372


RMSDALL =

    7.7636


RMSDBaseline =

    8.1372


RMSDALL =

    7.7636


RMSDBaseline =

    8.1372


RMSDALL =

    7.7636


RMSDBaseline =

    8.1372


RMSDALL =

    7.7636

