Generation = 18 
MeanFitness = 0.0247752842696629 
BestFitness = 0.03375 
PopulationSize = 90 
AvgComplexity= 11.2809 
AmountSpecies = 1 
--------
 Species = 0 
Id = 0 
MeanFitness = 0.0247752842696629 
Members = 89