Generation = 5 
MeanFitness = 0.0201432640449438 
BestFitness = 0.031375 
PopulationSize = 90 
AvgComplexity= 11.02247 
AmountSpecies = 1 
--------
 Species = 0 
Id = 0 
MeanFitness = 0.0201432640449438 
Members = 89