Generation = 22 
MeanFitness = 0.0240168584269663 
BestFitness = 0.03375 
PopulationSize = 90 
AvgComplexity= 11.23596 
AmountSpecies = 1 
--------
 Species = 0 
Id = 0 
MeanFitness = 0.0240168584269663 
Members = 89