Generation = 519 
MeanFitness = 0.689722840063223 
BestFitness = 0.930831907893116 
PopulationSize = 90 
AvgComplexity= 30.01111 
AmountSpecies = 7 
--------
 Species = 0 
Id = 15 
MeanFitness = 0.680140182212727 
Members = 12--------
 Species = 1 
Id = 14 
MeanFitness = 0.728500699536195 
Members = 11--------
 Species = 2 
Id = 64 
MeanFitness = 0.733057281982981 
Members = 16--------
 Species = 3 
Id = 61 
MeanFitness = 0.600119974204556 
Members = 12--------
 Species = 4 
Id = 26 
MeanFitness = 0.498847819840986 
Members = 16--------
 Species = 5 
Id = 25 
MeanFitness = 0.832458842074708 
Members = 12--------
 Species = 6 
Id = 73 
MeanFitness = 0.818039845427689 
Members = 11