Generation = 530 
MeanFitness = 0.694434977985411 
BestFitness = 0.930108074266666 
PopulationSize = 90 
AvgComplexity= 32.67742 
AmountSpecies = 6 
--------
 Species = 0 
Id = 15 
MeanFitness = 0.732527430436677 
Members = 16--------
 Species = 1 
Id = 14 
MeanFitness = 0.767586796882795 
Members = 14--------
 Species = 2 
Id = 64 
MeanFitness = 0.82750865492776 
Members = 14--------
 Species = 3 
Id = 61 
MeanFitness = 0.686585166990122 
Members = 17--------
 Species = 4 
Id = 25 
MeanFitness = 0.671698778134286 
Members = 16--------
 Species = 5 
Id = 73 
MeanFitness = 0.506971840707998 
Members = 16