Generation = 491 
MeanFitness = 0.736305701670042 
BestFitness = 0.927696189306057 
PopulationSize = 90 
AvgComplexity= 30.44944 
AmountSpecies = 7 
--------
 Species = 0 
Id = 15 
MeanFitness = 0.68369221358311 
Members = 12--------
 Species = 1 
Id = 14 
MeanFitness = 0.642861391147048 
Members = 11--------
 Species = 2 
Id = 64 
MeanFitness = 0.836823368799982 
Members = 14--------
 Species = 3 
Id = 61 
MeanFitness = 0.640423025618705 
Members = 14--------
 Species = 4 
Id = 26 
MeanFitness = 0.716627501297532 
Members = 11--------
 Species = 5 
Id = 25 
MeanFitness = 0.734935988681389 
Members = 16--------
 Species = 6 
Id = 73 
MeanFitness = 0.902917975271106 
Members = 11