Generation = 61 
MeanFitness = 0.641504182397287 
BestFitness = 0.918734011105048 
PopulationSize = 90 
AvgComplexity= 17.57303 
AmountSpecies = 7 
--------
 Species = 0 
Id = 33 
MeanFitness = 0.708023166340635 
Members = 12--------
 Species = 1 
Id = 15 
MeanFitness = 0.621283414395262 
Members = 17--------
 Species = 2 
Id = 14 
MeanFitness = 0.649965425758182 
Members = 11--------
 Species = 3 
Id = 10 
MeanFitness = 0.629679554540043 
Members = 14--------
 Species = 4 
Id = 26 
MeanFitness = 0.645230366827309 
Members = 11--------
 Species = 5 
Id = 42 
MeanFitness = 0.627880880732074 
Members = 14--------
 Species = 6 
Id = 25 
MeanFitness = 0.618277638030145 
Members = 10