Generation = 493 
MeanFitness = 0.72900461366444 
BestFitness = 0.927172710177291 
PopulationSize = 90 
AvgComplexity= 30.88636 
AmountSpecies = 7 
--------
 Species = 0 
Id = 15 
MeanFitness = 0.75418519693857 
Members = 12--------
 Species = 1 
Id = 14 
MeanFitness = 0.600749980636332 
Members = 12--------
 Species = 2 
Id = 64 
MeanFitness = 0.824655023176293 
Members = 12--------
 Species = 3 
Id = 61 
MeanFitness = 0.740598350250339 
Members = 16--------
 Species = 4 
Id = 26 
MeanFitness = 0.537062012686239 
Members = 10--------
 Species = 5 
Id = 25 
MeanFitness = 0.848973850628854 
Members = 14--------
 Species = 6 
Id = 73 
MeanFitness = 0.740957996148716 
Members = 12