Generation = 525 
MeanFitness = 0.709605907238054 
BestFitness = 0.927488859810937 
PopulationSize = 90 
AvgComplexity= 31.6 
AmountSpecies = 6 
--------
 Species = 0 
Id = 15 
MeanFitness = 0.685183559131895 
Members = 12--------
 Species = 1 
Id = 14 
MeanFitness = 0.733618363599006 
Members = 17--------
 Species = 2 
Id = 64 
MeanFitness = 0.800123154728286 
Members = 17--------
 Species = 3 
Id = 61 
MeanFitness = 0.681416475489843 
Members = 17--------
 Species = 4 
Id = 25 
MeanFitness = 0.678311228772775 
Members = 16--------
 Species = 5 
Id = 73 
MeanFitness = 0.648333035144218 
Members = 11