Generation = 65 
MeanFitness = 0.694891963269045 
BestFitness = 0.913311704714236 
PopulationSize = 90 
AvgComplexity= 17.55556 
AmountSpecies = 7 
--------
 Species = 0 
Id = 33 
MeanFitness = 0.805697967604322 
Members = 14--------
 Species = 1 
Id = 15 
MeanFitness = 0.633264924383175 
Members = 14--------
 Species = 2 
Id = 14 
MeanFitness = 0.6385450053425 
Members = 11--------
 Species = 3 
Id = 10 
MeanFitness = 0.695740517201544 
Members = 14--------
 Species = 4 
Id = 26 
MeanFitness = 0.641215653897991 
Members = 11--------
 Species = 5 
Id = 42 
MeanFitness = 0.684940234373492 
Members = 12--------
 Species = 6 
Id = 25 
MeanFitness = 0.739841350102868 
Members = 14