Generation = 503 
MeanFitness = 0.730792266540035 
BestFitness = 0.92902874879956 
PopulationSize = 90 
AvgComplexity= 30.17583 
AmountSpecies = 7 
--------
 Species = 0 
Id = 15 
MeanFitness = 0.787761097347667 
Members = 16--------
 Species = 1 
Id = 14 
MeanFitness = 0.750887932439698 
Members = 12--------
 Species = 2 
Id = 64 
MeanFitness = 0.744393130600287 
Members = 17--------
 Species = 3 
Id = 61 
MeanFitness = 0.697365188982467 
Members = 14--------
 Species = 4 
Id = 26 
MeanFitness = 0.714070249140133 
Members = 11--------
 Species = 5 
Id = 25 
MeanFitness = 0.667254544093192 
Members = 11--------
 Species = 6 
Id = 73 
MeanFitness = 0.727489491677812 
Members = 10