Generation = 70 
MeanFitness = 0.669249217389584 
BestFitness = 0.916306129715597 
PopulationSize = 90 
AvgComplexity= 17.68889 
AmountSpecies = 7 
--------
 Species = 0 
Id = 33 
MeanFitness = 0.611641260123984 
Members = 16--------
 Species = 1 
Id = 15 
MeanFitness = 0.716340604711427 
Members = 11--------
 Species = 2 
Id = 14 
MeanFitness = 0.587913169852181 
Members = 12--------
 Species = 3 
Id = 10 
MeanFitness = 0.739650934831869 
Members = 12--------
 Species = 4 
Id = 26 
MeanFitness = 0.635033282806262 
Members = 11--------
 Species = 5 
Id = 42 
MeanFitness = 0.57933161653076 
Members = 11--------
 Species = 6 
Id = 25 
MeanFitness = 0.7810376236669 
Members = 17