Generation = 521 
MeanFitness = 0.737952726360488 
BestFitness = 0.926967770313492 
PopulationSize = 90 
AvgComplexity= 30.4 
AmountSpecies = 7 
--------
 Species = 0 
Id = 15 
MeanFitness = 0.648851474269528 
Members = 14--------
 Species = 1 
Id = 14 
MeanFitness = 0.891164820928789 
Members = 14--------
 Species = 2 
Id = 64 
MeanFitness = 0.707320328007805 
Members = 14--------
 Species = 3 
Id = 61 
MeanFitness = 0.765289955031556 
Members = 14--------
 Species = 4 
Id = 26 
MeanFitness = 0.570200084713298 
Members = 11--------
 Species = 5 
Id = 25 
MeanFitness = 0.814737761098086 
Members = 12--------
 Species = 6 
Id = 73 
MeanFitness = 0.74453811019028 
Members = 11