Generation = 69 
MeanFitness = 0.66673174301695 
BestFitness = 0.905727008203413 
PopulationSize = 90 
AvgComplexity= 17.68605 
AmountSpecies = 7 
--------
 Species = 0 
Id = 33 
MeanFitness = 0.80216044854686 
Members = 11--------
 Species = 1 
Id = 15 
MeanFitness = 0.547030053587678 
Members = 16--------
 Species = 2 
Id = 14 
MeanFitness = 0.695380780019469 
Members = 12--------
 Species = 3 
Id = 10 
MeanFitness = 0.659219069702446 
Members = 12--------
 Species = 4 
Id = 26 
MeanFitness = 0.640857458785218 
Members = 11--------
 Species = 5 
Id = 42 
MeanFitness = 0.559145131046251 
Members = 12--------
 Species = 6 
Id = 25 
MeanFitness = 0.812359357682003 
Members = 12