Generation = 66 
MeanFitness = 0.674313696559079 
BestFitness = 0.912369353172158 
PopulationSize = 90 
AvgComplexity= 17.6092 
AmountSpecies = 7 
--------
 Species = 0 
Id = 33 
MeanFitness = 0.771992438561134 
Members = 16--------
 Species = 1 
Id = 15 
MeanFitness = 0.633927728312649 
Members = 11--------
 Species = 2 
Id = 14 
MeanFitness = 0.712434464761732 
Members = 11--------
 Species = 3 
Id = 10 
MeanFitness = 0.736457221023201 
Members = 12--------
 Species = 4 
Id = 26 
MeanFitness = 0.642337655973029 
Members = 11--------
 Species = 5 
Id = 42 
MeanFitness = 0.587947972811638 
Members = 12--------
 Species = 6 
Id = 25 
MeanFitness = 0.61034656558015 
Members = 14