Generation = 515 
MeanFitness = 0.719774879534279 
BestFitness = 0.928619299065123 
PopulationSize = 90 
AvgComplexity= 30.38372 
AmountSpecies = 7 
--------
 Species = 0 
Id = 15 
MeanFitness = 0.715839546384259 
Members = 14--------
 Species = 1 
Id = 14 
MeanFitness = 0.818581938772921 
Members = 12--------
 Species = 2 
Id = 64 
MeanFitness = 0.830671566200476 
Members = 12--------
 Species = 3 
Id = 61 
MeanFitness = 0.628479714022538 
Members = 14--------
 Species = 4 
Id = 26 
MeanFitness = 0.662906195030476 
Members = 12--------
 Species = 5 
Id = 25 
MeanFitness = 0.662674343857455 
Members = 11--------
 Species = 6 
Id = 73 
MeanFitness = 0.731348710161304 
Members = 11