Generation = 33 
MeanFitness = 0.659092272913531 
BestFitness = 0.903078242068698 
PopulationSize = 90 
AvgComplexity= 14.7 
AmountSpecies = 7 
--------
 Species = 0 
Id = 15 
MeanFitness = 0.724548134819071 
Members = 16--------
 Species = 1 
Id = 14 
MeanFitness = 0.663112730658031 
Members = 17--------
 Species = 2 
Id = 10 
MeanFitness = 0.633225921847092 
Members = 22--------
 Species = 3 
Id = 9 
MeanFitness = 0.708279324237076 
Members = 15--------
 Species = 4 
Id = 8 
MeanFitness = 0.69985044351376 
Members = 17--------
 Species = 5 
Id = 18 
MeanFitness = 1E-07 
Members = 2--------
 Species = 6 
Id = 17 
MeanFitness = 1E-07 
Members = 1