Generation = 513 
MeanFitness = 0.707626777480954 
BestFitness = 0.92766327531924 
PopulationSize = 90 
AvgComplexity= 30.52273 
AmountSpecies = 7 
--------
 Species = 0 
Id = 15 
MeanFitness = 0.681931976021836 
Members = 12--------
 Species = 1 
Id = 14 
MeanFitness = 0.650112210547253 
Members = 11--------
 Species = 2 
Id = 64 
MeanFitness = 0.565413786652294 
Members = 16--------
 Species = 3 
Id = 61 
MeanFitness = 0.816773567590598 
Members = 12--------
 Species = 4 
Id = 26 
MeanFitness = 0.767032559637531 
Members = 14--------
 Species = 5 
Id = 25 
MeanFitness = 0.748238094269563 
Members = 11--------
 Species = 6 
Id = 73 
MeanFitness = 0.759980010052299 
Members = 12