Generation = 505 
MeanFitness = 0.724165681803313 
BestFitness = 0.933055790345852 
PopulationSize = 90 
AvgComplexity= 31.98851 
AmountSpecies = 7 
--------
 Species = 0 
Id = 15 
MeanFitness = 0.686003152735711 
Members = 12--------
 Species = 1 
Id = 14 
MeanFitness = 0.708856785418183 
Members = 11--------
 Species = 2 
Id = 64 
MeanFitness = 0.74665563879869 
Members = 11--------
 Species = 3 
Id = 61 
MeanFitness = 0.646515655429981 
Members = 14--------
 Species = 4 
Id = 26 
MeanFitness = 0.795777842843096 
Members = 11--------
 Species = 5 
Id = 25 
MeanFitness = 0.764324711374909 
Members = 12--------
 Species = 6 
Id = 73 
MeanFitness = 0.736441739617586 
Members = 16