Generation = 516 
MeanFitness = 0.697263194790957 
BestFitness = 0.932710046705637 
PopulationSize = 90 
AvgComplexity= 30.62921 
AmountSpecies = 7 
--------
 Species = 0 
Id = 15 
MeanFitness = 0.605217048857058 
Members = 12--------
 Species = 1 
Id = 14 
MeanFitness = 0.71862145799383 
Members = 16--------
 Species = 2 
Id = 64 
MeanFitness = 0.795191095486658 
Members = 16--------
 Species = 3 
Id = 61 
MeanFitness = 0.654524576204701 
Members = 11--------
 Species = 4 
Id = 26 
MeanFitness = 0.708793638282606 
Members = 11--------
 Species = 5 
Id = 25 
MeanFitness = 0.588848577736752 
Members = 11--------
 Species = 6 
Id = 73 
MeanFitness = 0.75824868166317 
Members = 12