Generation = 537 
MeanFitness = 0.674476273031181 
BestFitness = 0.929992488481929 
PopulationSize = 90 
AvgComplexity= 32.47368 
AmountSpecies = 6 
--------
 Species = 0 
Id = 15 
MeanFitness = 0.591075546967702 
Members = 17--------
 Species = 1 
Id = 14 
MeanFitness = 0.609690112610082 
Members = 16--------
 Species = 2 
Id = 64 
MeanFitness = 0.716758228834395 
Members = 16--------
 Species = 3 
Id = 61 
MeanFitness = 0.731906351966693 
Members = 16--------
 Species = 4 
Id = 25 
MeanFitness = 0.791626978266195 
Members = 14--------
 Species = 5 
Id = 73 
MeanFitness = 0.625656803075362 
Members = 16