Generation = 62 
MeanFitness = 0.666238496868931 
BestFitness = 0.914200292064426 
PopulationSize = 90 
AvgComplexity= 17.41667 
AmountSpecies = 7 
--------
 Species = 0 
Id = 33 
MeanFitness = 0.809297587707738 
Members = 14--------
 Species = 1 
Id = 15 
MeanFitness = 0.729240473118492 
Members = 11--------
 Species = 2 
Id = 14 
MeanFitness = 0.571611458314235 
Members = 12--------
 Species = 3 
Id = 10 
MeanFitness = 0.646436295640093 
Members = 12--------
 Species = 4 
Id = 26 
MeanFitness = 0.591475787868519 
Members = 12--------
 Species = 5 
Id = 42 
MeanFitness = 0.579621037852152 
Members = 12--------
 Species = 6 
Id = 25 
MeanFitness = 0.722044304425314 
Members = 11