Generation = 524 
MeanFitness = 0.70682578606753 
BestFitness = 0.930677390826216 
PopulationSize = 90 
AvgComplexity= 30.72093 
AmountSpecies = 7 
--------
 Species = 0 
Id = 15 
MeanFitness = 0.577598176367171 
Members = 11--------
 Species = 1 
Id = 14 
MeanFitness = 0.775232064159727 
Members = 16--------
 Species = 2 
Id = 64 
MeanFitness = 0.74191361312916 
Members = 11--------
 Species = 3 
Id = 61 
MeanFitness = 0.813778084405992 
Members = 11--------
 Species = 4 
Id = 26 
MeanFitness = 0.00795081032839105 
Members = 11--------
 Species = 5 
Id = 25 
MeanFitness = 0.704625315947029 
Members = 14--------
 Species = 6 
Id = 73 
MeanFitness = 0.525539181486489 
Members = 12