Generation = 528 
MeanFitness = 0.726011192465033 
BestFitness = 0.928185067395152 
PopulationSize = 90 
AvgComplexity= 32.82418 
AmountSpecies = 6 
--------
 Species = 0 
Id = 15 
MeanFitness = 0.775959787360523 
Members = 14--------
 Species = 1 
Id = 14 
MeanFitness = 0.725670229320161 
Members = 16--------
 Species = 2 
Id = 64 
MeanFitness = 0.835037960737208 
Members = 17--------
 Species = 3 
Id = 61 
MeanFitness = 0.676052207436485 
Members = 14--------
 Species = 4 
Id = 25 
MeanFitness = 0.657466333558023 
Members = 14--------
 Species = 5 
Id = 73 
MeanFitness = 0.670497057230778 
Members = 16