Generation = 518 
MeanFitness = 0.701363102772681 
BestFitness = 0.928983339775182 
PopulationSize = 90 
AvgComplexity= 30.48837 
AmountSpecies = 7 
--------
 Species = 0 
Id = 15 
MeanFitness = 0.687304752089314 
Members = 12--------
 Species = 1 
Id = 14 
MeanFitness = 0.6377761326293 
Members = 14--------
 Species = 2 
Id = 64 
MeanFitness = 0.835702274023383 
Members = 12--------
 Species = 3 
Id = 61 
MeanFitness = 0.698882581886194 
Members = 14--------
 Species = 4 
Id = 26 
MeanFitness = 0.800774502432244 
Members = 11--------
 Species = 5 
Id = 25 
MeanFitness = 0.686493528039977 
Members = 12--------
 Species = 6 
Id = 73 
MeanFitness = 0.571043514422441 
Members = 11