Generation = 54 
MeanFitness = 0.646941934223622 
BestFitness = 0.90888913981767 
PopulationSize = 90 
AvgComplexity= 17.02299 
AmountSpecies = 7 
--------
 Species = 0 
Id = 33 
MeanFitness = 0.707539212935679 
Members = 11--------
 Species = 1 
Id = 15 
MeanFitness = 0.720548802955058 
Members = 17--------
 Species = 2 
Id = 14 
MeanFitness = 0.730355905081793 
Members = 14--------
 Species = 3 
Id = 10 
MeanFitness = 0.656013339198609 
Members = 17--------
 Species = 4 
Id = 26 
MeanFitness = 0.553015149196306 
Members = 11--------
 Species = 5 
Id = 42 
MeanFitness = 0.439877015035273 
Members = 6--------
 Species = 6 
Id = 25 
MeanFitness = 0.559277192366746 
Members = 11