Generation = 498 
MeanFitness = 0.730730731876618 
BestFitness = 0.929551372138332 
PopulationSize = 90 
AvgComplexity= 30.68539 
AmountSpecies = 7 
--------
 Species = 0 
Id = 15 
MeanFitness = 0.581672470125651 
Members = 11--------
 Species = 1 
Id = 14 
MeanFitness = 0.807970615787007 
Members = 11--------
 Species = 2 
Id = 64 
MeanFitness = 0.782409785589171 
Members = 14--------
 Species = 3 
Id = 61 
MeanFitness = 0.84035114270316 
Members = 17--------
 Species = 4 
Id = 26 
MeanFitness = 0.644230946584814 
Members = 11--------
 Species = 5 
Id = 25 
MeanFitness = 0.722959379564444 
Members = 14--------
 Species = 6 
Id = 73 
MeanFitness = 0.663753003767498 
Members = 11