Generation = 529 
MeanFitness = 0.790422686110811 
BestFitness = 0.928291794346002 
PopulationSize = 90 
AvgComplexity= 32.02174 
AmountSpecies = 6 
--------
 Species = 0 
Id = 15 
MeanFitness = 0.801762696012 
Members = 17--------
 Species = 1 
Id = 14 
MeanFitness = 0.728766729116573 
Members = 16--------
 Species = 2 
Id = 64 
MeanFitness = 0.744791334014777 
Members = 17--------
 Species = 3 
Id = 61 
MeanFitness = 0.893669713683612 
Members = 14--------
 Species = 4 
Id = 25 
MeanFitness = 0.780983122849052 
Members = 14--------
 Species = 5 
Id = 73 
MeanFitness = 0.80871865960121 
Members = 14