Generation = 509 
MeanFitness = 0.736224948757866 
BestFitness = 0.930475519372721 
PopulationSize = 90 
AvgComplexity= 31.45055 
AmountSpecies = 7 
--------
 Species = 0 
Id = 15 
MeanFitness = 0.599291645343519 
Members = 12--------
 Species = 1 
Id = 14 
MeanFitness = 0.81497217322502 
Members = 11--------
 Species = 2 
Id = 64 
MeanFitness = 0.79849748007265 
Members = 12--------
 Species = 3 
Id = 61 
MeanFitness = 0.783074933191788 
Members = 16--------
 Species = 4 
Id = 26 
MeanFitness = 0.430618073795476 
Members = 10--------
 Species = 5 
Id = 25 
MeanFitness = 0.793585822988321 
Members = 16--------
 Species = 6 
Id = 73 
MeanFitness = 0.837539577832863 
Members = 14