Generation = 500 
MeanFitness = 0.756174207197345 
BestFitness = 0.930364132141805 
PopulationSize = 90 
AvgComplexity= 30.75556 
AmountSpecies = 7 
--------
 Species = 0 
Id = 15 
MeanFitness = 0.689238987926858 
Members = 14--------
 Species = 1 
Id = 14 
MeanFitness = 0.795766920151821 
Members = 10--------
 Species = 2 
Id = 64 
MeanFitness = 0.751188232553612 
Members = 11--------
 Species = 3 
Id = 61 
MeanFitness = 0.889181053789553 
Members = 16--------
 Species = 4 
Id = 26 
MeanFitness = 0.799997519927552 
Members = 11--------
 Species = 5 
Id = 25 
MeanFitness = 0.742319448794122 
Members = 16--------
 Species = 6 
Id = 73 
MeanFitness = 0.6068010247196 
Members = 12