Generation = 490 
MeanFitness = 0.676339886374219 
BestFitness = 0.927346183053769 
PopulationSize = 90 
AvgComplexity= 30.47619 
AmountSpecies = 7 
--------
 Species = 0 
Id = 15 
MeanFitness = 0.660592606976063 
Members = 11--------
 Species = 1 
Id = 14 
MeanFitness = 0.651695191872554 
Members = 11--------
 Species = 2 
Id = 64 
MeanFitness = 0.714573358660499 
Members = 14--------
 Species = 3 
Id = 61 
MeanFitness = 0.754513671929288 
Members = 12--------
 Species = 4 
Id = 26 
MeanFitness = 0.569719185482711 
Members = 11--------
 Species = 5 
Id = 25 
MeanFitness = 0.762423308290693 
Members = 14--------
 Species = 6 
Id = 73 
MeanFitness = 0.579850566120148 
Members = 11