Generation = 550 
MeanFitness = 0.728293450946876 
BestFitness = 0.928652575198746 
PopulationSize = 90 
AvgComplexity= 32.13979 
AmountSpecies = 6 
--------
 Species = 0 
Id = 15 
MeanFitness = 0.680829816431472 
Members = 16--------
 Species = 1 
Id = 14 
MeanFitness = 0.788622888254248 
Members = 17--------
 Species = 2 
Id = 64 
MeanFitness = 0.803319743862306 
Members = 17--------
 Species = 3 
Id = 61 
MeanFitness = 0.628450997179071 
Members = 17--------
 Species = 4 
Id = 25 
MeanFitness = 0.907446693478358 
Members = 12--------
 Species = 5 
Id = 73 
MeanFitness = 0.585854418242144 
Members = 14