Generation = 507 
MeanFitness = 0.765851065110026 
BestFitness = 0.929221759323968 
PopulationSize = 90 
AvgComplexity= 30.53012 
AmountSpecies = 7 
--------
 Species = 0 
Id = 15 
MeanFitness = 0.741040736458578 
Members = 12--------
 Species = 1 
Id = 14 
MeanFitness = 0.812964569077969 
Members = 12--------
 Species = 2 
Id = 64 
MeanFitness = 0.898725979048119 
Members = 12--------
 Species = 3 
Id = 61 
MeanFitness = 0.750154712987302 
Members = 12--------
 Species = 4 
Id = 26 
MeanFitness = 0.663964993239358 
Members = 12--------
 Species = 5 
Id = 25 
MeanFitness = 0.751141777125055 
Members = 12--------
 Species = 6 
Id = 73 
MeanFitness = 0.740884108081419 
Members = 11