Generation = 59 
MeanFitness = 0.689151927231637 
BestFitness = 0.909753424195461 
PopulationSize = 90 
AvgComplexity= 17.34524 
AmountSpecies = 7 
--------
 Species = 0 
Id = 33 
MeanFitness = 0.712899716910306 
Members = 16--------
 Species = 1 
Id = 15 
MeanFitness = 0.711095386606292 
Members = 12--------
 Species = 2 
Id = 14 
MeanFitness = 0.640173109543835 
Members = 11--------
 Species = 3 
Id = 10 
MeanFitness = 0.803570035939539 
Members = 11--------
 Species = 4 
Id = 26 
MeanFitness = 0.651631960956497 
Members = 12--------
 Species = 5 
Id = 42 
MeanFitness = 0.566410968249873 
Members = 11--------
 Species = 6 
Id = 25 
MeanFitness = 0.72890390864304 
Members = 11