Generation = 487 
MeanFitness = 0.748231573745186 
BestFitness = 0.929488445722037 
PopulationSize = 90 
AvgComplexity= 31.90909 
AmountSpecies = 7 
--------
 Species = 0 
Id = 15 
MeanFitness = 0.745193494474537 
Members = 11--------
 Species = 1 
Id = 14 
MeanFitness = 0.808984122645606 
Members = 11--------
 Species = 2 
Id = 64 
MeanFitness = 0.667651148353352 
Members = 11--------
 Species = 3 
Id = 61 
MeanFitness = 0.834812877766784 
Members = 16--------
 Species = 4 
Id = 26 
MeanFitness = 0.647126535761826 
Members = 11--------
 Species = 5 
Id = 25 
MeanFitness = 0.840676954072843 
Members = 12--------
 Species = 6 
Id = 73 
MeanFitness = 0.677546292677822 
Members = 16