Generation = 58 
MeanFitness = 0.637536475050759 
BestFitness = 0.910953842828588 
PopulationSize = 90 
AvgComplexity= 17.38636 
AmountSpecies = 7 
--------
 Species = 0 
Id = 33 
MeanFitness = 0.748113346387169 
Members = 14--------
 Species = 1 
Id = 15 
MeanFitness = 0.662154539999536 
Members = 12--------
 Species = 2 
Id = 14 
MeanFitness = 0.616968201809511 
Members = 11--------
 Species = 3 
Id = 10 
MeanFitness = 0.612856917449678 
Members = 17--------
 Species = 4 
Id = 26 
MeanFitness = 0.633753984399865 
Members = 11--------
 Species = 5 
Id = 42 
MeanFitness = 0.608720616032544 
Members = 12--------
 Species = 6 
Id = 25 
MeanFitness = 0.563873585246712 
Members = 11