Generation = 526 
MeanFitness = 0.711373964779833 
BestFitness = 0.92824691579363 
PopulationSize = 90 
AvgComplexity= 32.06383 
AmountSpecies = 6 
--------
 Species = 0 
Id = 15 
MeanFitness = 0.626862903039454 
Members = 16--------
 Species = 1 
Id = 14 
MeanFitness = 0.740996823219478 
Members = 17--------
 Species = 2 
Id = 64 
MeanFitness = 0.852693123068316 
Members = 17--------
 Species = 3 
Id = 61 
MeanFitness = 0.778227779249069 
Members = 16--------
 Species = 4 
Id = 25 
MeanFitness = 0.592288423308855 
Members = 14--------
 Species = 5 
Id = 73 
MeanFitness = 0.643066768533679 
Members = 14