Generation = 536 
MeanFitness = 0.703929585244618 
BestFitness = 0.929296435338915 
PopulationSize = 90 
AvgComplexity= 32.41111 
AmountSpecies = 6 
--------
 Species = 0 
Id = 15 
MeanFitness = 0.748582605030392 
Members = 11--------
 Species = 1 
Id = 14 
MeanFitness = 0.728408536000156 
Members = 17--------
 Species = 2 
Id = 64 
MeanFitness = 0.693790454973961 
Members = 17--------
 Species = 3 
Id = 61 
MeanFitness = 0.692512807609232 
Members = 17--------
 Species = 4 
Id = 25 
MeanFitness = 0.654751032055663 
Members = 14--------
 Species = 5 
Id = 73 
MeanFitness = 0.714474213713221 
Members = 14