Generation = 7 
MeanFitness = 0.582520480292302 
BestFitness = 0.885822757891711 
PopulationSize = 90 
AvgComplexity= 11.1573 
AmountSpecies = 1 
--------
 Species = 0 
Id = 0 
MeanFitness = 0.582520480292302 
Members = 89