Generation = 63 
MeanFitness = 0.719272594925935 
BestFitness = 0.914049160675432 
PopulationSize = 90 
AvgComplexity= 17.4 
AmountSpecies = 7 
--------
 Species = 0 
Id = 33 
MeanFitness = 0.720115073342587 
Members = 17--------
 Species = 1 
Id = 15 
MeanFitness = 0.755159247536611 
Members = 14--------
 Species = 2 
Id = 14 
MeanFitness = 0.636074783673661 
Members = 11--------
 Species = 3 
Id = 10 
MeanFitness = 0.813028969352574 
Members = 12--------
 Species = 4 
Id = 26 
MeanFitness = 0.718440407905714 
Members = 11--------
 Species = 5 
Id = 42 
MeanFitness = 0.604209328177441 
Members = 11--------
 Species = 6 
Id = 25 
MeanFitness = 0.758430748674411 
Members = 14