Generation = 72 
MeanFitness = 0.664362619717183 
BestFitness = 0.908645792013463 
PopulationSize = 90 
AvgComplexity= 17.50575 
AmountSpecies = 7 
--------
 Species = 0 
Id = 33 
MeanFitness = 0.596237807439802 
Members = 12--------
 Species = 1 
Id = 15 
MeanFitness = 0.760601857312205 
Members = 14--------
 Species = 2 
Id = 14 
MeanFitness = 0.564674687415288 
Members = 14--------
 Species = 3 
Id = 10 
MeanFitness = 0.744458203645623 
Members = 12--------
 Species = 4 
Id = 26 
MeanFitness = 0.723326895466324 
Members = 12--------
 Species = 5 
Id = 42 
MeanFitness = 0.595774772311273 
Members = 11--------
 Species = 6 
Id = 25 
MeanFitness = 0.660323242930416 
Members = 12