Generation = 538 
MeanFitness = 0.709972723767564 
BestFitness = 0.929205803519942 
PopulationSize = 90 
AvgComplexity= 32.50562 
AmountSpecies = 6 
--------
 Species = 0 
Id = 15 
MeanFitness = 0.687082167856033 
Members = 12--------
 Species = 1 
Id = 14 
MeanFitness = 0.734280286343425 
Members = 12--------
 Species = 2 
Id = 64 
MeanFitness = 0.679189892140254 
Members = 17--------
 Species = 3 
Id = 61 
MeanFitness = 0.638140647088581 
Members = 17--------
 Species = 4 
Id = 25 
MeanFitness = 0.809812455993557 
Members = 17--------
 Species = 5 
Id = 73 
MeanFitness = 0.712128003295644 
Members = 14