Generation = 494 
MeanFitness = 0.7232187104155 
BestFitness = 0.927243124678129 
PopulationSize = 90 
AvgComplexity= 30.64444 
AmountSpecies = 7 
--------
 Species = 0 
Id = 15 
MeanFitness = 0.826398503468417 
Members = 12--------
 Species = 1 
Id = 14 
MeanFitness = 0.892725495989535 
Members = 11--------
 Species = 2 
Id = 64 
MeanFitness = 0.602377190435011 
Members = 16--------
 Species = 3 
Id = 61 
MeanFitness = 0.659117348981233 
Members = 12--------
 Species = 4 
Id = 26 
MeanFitness = 0.799294345199179 
Members = 11--------
 Species = 5 
Id = 25 
MeanFitness = 0.801374830805315 
Members = 16--------
 Species = 6 
Id = 73 
MeanFitness = 0.515936926256514 
Members = 12