Generation = 545 
MeanFitness = 0.656867458975902 
BestFitness = 0.931405447592193 
PopulationSize = 90 
AvgComplexity= 31.9579 
AmountSpecies = 6 
--------
 Species = 0 
Id = 15 
MeanFitness = 0.681181872167114 
Members = 16--------
 Species = 1 
Id = 14 
MeanFitness = 0.62122276458609 
Members = 16--------
 Species = 2 
Id = 64 
MeanFitness = 0.728856495171365 
Members = 16--------
 Species = 3 
Id = 61 
MeanFitness = 0.724773894249903 
Members = 16--------
 Species = 4 
Id = 25 
MeanFitness = 0.598024592042161 
Members = 17--------
 Species = 5 
Id = 73 
MeanFitness = 0.581387865657315 
Members = 14