Generation = 60 
MeanFitness = 0.689591123512617 
BestFitness = 0.90688075700674 
PopulationSize = 90 
AvgComplexity= 17.54023 
AmountSpecies = 7 
--------
 Species = 0 
Id = 33 
MeanFitness = 0.667366465151851 
Members = 12--------
 Species = 1 
Id = 15 
MeanFitness = 0.8086126932022 
Members = 12--------
 Species = 2 
Id = 14 
MeanFitness = 0.559236830203065 
Members = 11--------
 Species = 3 
Id = 10 
MeanFitness = 0.765555550309653 
Members = 16--------
 Species = 4 
Id = 26 
MeanFitness = 0.647670345940697 
Members = 11--------
 Species = 5 
Id = 42 
MeanFitness = 0.723731287729199 
Members = 11--------
 Species = 6 
Id = 25 
MeanFitness = 0.628340424128005 
Members = 14