Generation = 506 
MeanFitness = 0.741158922147929 
BestFitness = 0.929989937716444 
PopulationSize = 90 
AvgComplexity= 30.59302 
AmountSpecies = 7 
--------
 Species = 0 
Id = 15 
MeanFitness = 0.746005432522125 
Members = 11--------
 Species = 1 
Id = 14 
MeanFitness = 0.747162160091825 
Members = 12--------
 Species = 2 
Id = 64 
MeanFitness = 0.760577058268983 
Members = 12--------
 Species = 3 
Id = 61 
MeanFitness = 0.723421656999916 
Members = 11--------
 Species = 4 
Id = 26 
MeanFitness = 0.752587743019207 
Members = 14--------
 Species = 5 
Id = 25 
MeanFitness = 0.773349626065828 
Members = 14--------
 Species = 6 
Id = 73 
MeanFitness = 0.67666462770494 
Members = 12