Generation = 543 
MeanFitness = 0.678295599297222 
BestFitness = 0.928187021189175 
PopulationSize = 90 
AvgComplexity= 32.11702 
AmountSpecies = 6 
--------
 Species = 0 
Id = 15 
MeanFitness = 0.587947369040823 
Members = 14--------
 Species = 1 
Id = 14 
MeanFitness = 0.77631642256318 
Members = 16--------
 Species = 2 
Id = 64 
MeanFitness = 0.643878806175703 
Members = 17--------
 Species = 3 
Id = 61 
MeanFitness = 0.777525254624626 
Members = 16--------
 Species = 4 
Id = 25 
MeanFitness = 0.690223455745497 
Members = 17--------
 Species = 5 
Id = 73 
MeanFitness = 0.570522705693002 
Members = 14