Generation = 31 
MeanFitness = 0.60308925324375 
BestFitness = 0.900210097247477 
PopulationSize = 90 
AvgComplexity= 14.81111 
AmountSpecies = 6 
--------
 Species = 0 
Id = 16 
MeanFitness = 1E-07 
Members = 1--------
 Species = 1 
Id = 15 
MeanFitness = 0.414161429299526 
Members = 25--------
 Species = 2 
Id = 14 
MeanFitness = 0.674342092566332 
Members = 11--------
 Species = 3 
Id = 10 
MeanFitness = 0.674964510892527 
Members = 17--------
 Species = 4 
Id = 9 
MeanFitness = 0.782375255932791 
Members = 19--------
 Species = 5 
Id = 8 
MeanFitness = 0.598041611371982 
Members = 17