Generation = 499 
MeanFitness = 0.671178426719616 
BestFitness = 0.929134382471458 
PopulationSize = 90 
AvgComplexity= 30.5955 
AmountSpecies = 7 
--------
 Species = 0 
Id = 15 
MeanFitness = 0.737589103087323 
Members = 11--------
 Species = 1 
Id = 14 
MeanFitness = 0.644599269043563 
Members = 14--------
 Species = 2 
Id = 64 
MeanFitness = 0.588852452772057 
Members = 14--------
 Species = 3 
Id = 61 
MeanFitness = 0.780167879201071 
Members = 16--------
 Species = 4 
Id = 26 
MeanFitness = 0.569401192064659 
Members = 11--------
 Species = 5 
Id = 25 
MeanFitness = 0.767374933081207 
Members = 12--------
 Species = 6 
Id = 73 
MeanFitness = 0.581679760160339 
Members = 11