Generation = 534 
MeanFitness = 0.762909844392165 
BestFitness = 0.929671227369472 
PopulationSize = 90 
AvgComplexity= 31.53333 
AmountSpecies = 6 
--------
 Species = 0 
Id = 15 
MeanFitness = 0.749078871952325 
Members = 12--------
 Species = 1 
Id = 14 
MeanFitness = 0.848227724336306 
Members = 17--------
 Species = 2 
Id = 64 
MeanFitness = 0.800893476745866 
Members = 17--------
 Species = 3 
Id = 61 
MeanFitness = 0.689996852710329 
Members = 17--------
 Species = 4 
Id = 25 
MeanFitness = 0.790856315934861 
Members = 16--------
 Species = 5 
Id = 73 
MeanFitness = 0.659475596585146 
Members = 11