Generation = 527 
MeanFitness = 0.712802202937796 
BestFitness = 0.929343952526828 
PopulationSize = 90 
AvgComplexity= 32.61798 
AmountSpecies = 6 
--------
 Species = 0 
Id = 15 
MeanFitness = 0.68039177277711 
Members = 12--------
 Species = 1 
Id = 14 
MeanFitness = 0.687630367537634 
Members = 17--------
 Species = 2 
Id = 64 
MeanFitness = 0.831121963499988 
Members = 17--------
 Species = 3 
Id = 61 
MeanFitness = 0.674756704226821 
Members = 17--------
 Species = 4 
Id = 25 
MeanFitness = 0.680067048269696 
Members = 12--------
 Species = 5 
Id = 73 
MeanFitness = 0.701731186386188 
Members = 14