Generation = 35 
MeanFitness = 0.70877807960603 
BestFitness = 0.905265755683692 
PopulationSize = 90 
AvgComplexity= 14.74419 
AmountSpecies = 7 
--------
 Species = 0 
Id = 15 
MeanFitness = 0.777604803493354 
Members = 16--------
 Species = 1 
Id = 14 
MeanFitness = 0.718314066484925 
Members = 18--------
 Species = 2 
Id = 10 
MeanFitness = 0.730064429821542 
Members = 17--------
 Species = 3 
Id = 9 
MeanFitness = 0.759195218850186 
Members = 16--------
 Species = 4 
Id = 8 
MeanFitness = 0.648550928525121 
Members = 17--------
 Species = 5 
Id = 21 
MeanFitness = 1E-07 
Members = 1--------
 Species = 6 
Id = 20 
MeanFitness = 1E-07 
Members = 1