Generation = 523 
MeanFitness = 0.718667515459676 
BestFitness = 0.928432534283638 
PopulationSize = 90 
AvgComplexity= 30.26136 
AmountSpecies = 7 
--------
 Species = 0 
Id = 15 
MeanFitness = 0.662272042055394 
Members = 11--------
 Species = 1 
Id = 14 
MeanFitness = 0.827276628968089 
Members = 12--------
 Species = 2 
Id = 64 
MeanFitness = 0.67959467243205 
Members = 16--------
 Species = 3 
Id = 61 
MeanFitness = 0.680741165760373 
Members = 12--------
 Species = 4 
Id = 26 
MeanFitness = 0.691638567597726 
Members = 14--------
 Species = 5 
Id = 25 
MeanFitness = 0.760793511030634 
Members = 12--------
 Species = 6 
Id = 73 
MeanFitness = 0.743232593041095 
Members = 11