Generation = 549 
MeanFitness = 0.713204836140889 
BestFitness = 0.928787371760102 
PopulationSize = 90 
AvgComplexity= 32.06667 
AmountSpecies = 6 
--------
 Species = 0 
Id = 15 
MeanFitness = 0.717812210350627 
Members = 14--------
 Species = 1 
Id = 14 
MeanFitness = 0.739434827113963 
Members = 17--------
 Species = 2 
Id = 64 
MeanFitness = 0.797294005799933 
Members = 17--------
 Species = 3 
Id = 61 
MeanFitness = 0.746525600618036 
Members = 12--------
 Species = 4 
Id = 25 
MeanFitness = 0.628637065965261 
Members = 16--------
 Species = 5 
Id = 73 
MeanFitness = 0.642726706098172 
Members = 14