Generation = 508 
MeanFitness = 0.690997305631519 
BestFitness = 0.92920207856856 
PopulationSize = 90 
AvgComplexity= 30.67816 
AmountSpecies = 7 
--------
 Species = 0 
Id = 15 
MeanFitness = 0.727524510642595 
Members = 11--------
 Species = 1 
Id = 14 
MeanFitness = 0.575301404088689 
Members = 14--------
 Species = 2 
Id = 64 
MeanFitness = 0.675581903216005 
Members = 16--------
 Species = 3 
Id = 61 
MeanFitness = 0.817463624413646 
Members = 12--------
 Species = 4 
Id = 26 
MeanFitness = 0.477496855540943 
Members = 11--------
 Species = 5 
Id = 25 
MeanFitness = 0.833353665160527 
Members = 12--------
 Species = 6 
Id = 73 
MeanFitness = 0.744381179848675 
Members = 11