Generation = 532 
MeanFitness = 0.704800394792153 
BestFitness = 0.927460831774267 
PopulationSize = 90 
AvgComplexity= 32.45161 
AmountSpecies = 6 
--------
 Species = 0 
Id = 15 
MeanFitness = 0.568718995341211 
Members = 16--------
 Species = 1 
Id = 14 
MeanFitness = 0.71862235911562 
Members = 16--------
 Species = 2 
Id = 64 
MeanFitness = 0.85105408726332 
Members = 17--------
 Species = 3 
Id = 61 
MeanFitness = 0.835083061921415 
Members = 14--------
 Species = 4 
Id = 25 
MeanFitness = 0.758808854013668 
Members = 14--------
 Species = 5 
Id = 73 
MeanFitness = 0.510410546112085 
Members = 16