Generation = 514 
MeanFitness = 0.740811567386286 
BestFitness = 0.928912362413358 
PopulationSize = 90 
AvgComplexity= 31.13483 
AmountSpecies = 7 
--------
 Species = 0 
Id = 15 
MeanFitness = 0.817823120359946 
Members = 11--------
 Species = 1 
Id = 14 
MeanFitness = 0.736331211354046 
Members = 11--------
 Species = 2 
Id = 64 
MeanFitness = 0.746622073596092 
Members = 11--------
 Species = 3 
Id = 61 
MeanFitness = 0.785862699909261 
Members = 16--------
 Species = 4 
Id = 26 
MeanFitness = 0.763731471411235 
Members = 14--------
 Species = 5 
Id = 25 
MeanFitness = 0.688046939640432 
Members = 12--------
 Species = 6 
Id = 73 
MeanFitness = 0.650077283212705 
Members = 14