Generation = 495 
MeanFitness = 0.725301117923784 
BestFitness = 0.930225393901864 
PopulationSize = 90 
AvgComplexity= 29.44086 
AmountSpecies = 7 
--------
 Species = 0 
Id = 15 
MeanFitness = 0.735725787236637 
Members = 16--------
 Species = 1 
Id = 14 
MeanFitness = 0.735485074174976 
Members = 17--------
 Species = 2 
Id = 64 
MeanFitness = 0.580750801933781 
Members = 11--------
 Species = 3 
Id = 61 
MeanFitness = 0.797585618666753 
Members = 11--------
 Species = 4 
Id = 26 
MeanFitness = 0.765108497346669 
Members = 14--------
 Species = 5 
Id = 25 
MeanFitness = 0.785422787431841 
Members = 14--------
 Species = 6 
Id = 73 
MeanFitness = 0.630900649664613 
Members = 10