Generation = 68 
MeanFitness = 0.662337344550239 
BestFitness = 0.909669513856922 
PopulationSize = 90 
AvgComplexity= 17.36957 
AmountSpecies = 7 
--------
 Species = 0 
Id = 33 
MeanFitness = 0.6365373720842 
Members = 14--------
 Species = 1 
Id = 15 
MeanFitness = 0.757452907830089 
Members = 11--------
 Species = 2 
Id = 14 
MeanFitness = 0.663750185732049 
Members = 16--------
 Species = 3 
Id = 10 
MeanFitness = 0.669524856953772 
Members = 16--------
 Species = 4 
Id = 26 
MeanFitness = 0.562587992747032 
Members = 11--------
 Species = 5 
Id = 42 
MeanFitness = 0.654648565153713 
Members = 10--------
 Species = 6 
Id = 25 
MeanFitness = 0.687441160613188 
Members = 14