Generation = 34 
MeanFitness = 0.682565862320099 
BestFitness = 0.905280960795911 
PopulationSize = 90 
AvgComplexity= 14.7931 
AmountSpecies = 6 
--------
 Species = 0 
Id = 15 
MeanFitness = 0.687941003606979 
Members = 18--------
 Species = 1 
Id = 14 
MeanFitness = 0.746930507492898 
Members = 16--------
 Species = 2 
Id = 10 
MeanFitness = 0.673548566734992 
Members = 17--------
 Species = 3 
Id = 9 
MeanFitness = 0.689188742243009 
Members = 18--------
 Species = 4 
Id = 8 
MeanFitness = 0.658451808362802 
Members = 17--------
 Species = 5 
Id = 19 
MeanFitness = 1E-07 
Members = 1