Generation = 544 
MeanFitness = 0.672960626802324 
BestFitness = 0.929986537064259 
PopulationSize = 90 
AvgComplexity= 31.93182 
AmountSpecies = 6 
--------
 Species = 0 
Id = 15 
MeanFitness = 0.685559037555501 
Members = 12--------
 Species = 1 
Id = 14 
MeanFitness = 0.683715278624569 
Members = 17--------
 Species = 2 
Id = 64 
MeanFitness = 0.656649291509059 
Members = 15--------
 Species = 3 
Id = 61 
MeanFitness = 0.679077357636698 
Members = 17--------
 Species = 4 
Id = 25 
MeanFitness = 0.7119220975945 
Members = 15--------
 Species = 5 
Id = 73 
MeanFitness = 0.608148421245297 
Members = 12