Generation = 522 
MeanFitness = 0.766965134695689 
BestFitness = 0.927902925776642 
PopulationSize = 90 
AvgComplexity= 30.47727 
AmountSpecies = 7 
--------
 Species = 0 
Id = 15 
MeanFitness = 0.66132191571856 
Members = 11--------
 Species = 1 
Id = 14 
MeanFitness = 0.784542147515691 
Members = 17--------
 Species = 2 
Id = 64 
MeanFitness = 0.892060421833357 
Members = 11--------
 Species = 3 
Id = 61 
MeanFitness = 0.765972970428752 
Members = 13--------
 Species = 4 
Id = 26 
MeanFitness = 0.808428493772263 
Members = 11--------
 Species = 5 
Id = 25 
MeanFitness = 0.780635108105713 
Members = 14--------
 Species = 6 
Id = 73 
MeanFitness = 0.662659642894013 
Members = 11