Generation = 71 
MeanFitness = 0.704433532230707 
BestFitness = 0.913299310255369 
PopulationSize = 90 
AvgComplexity= 17.77273 
AmountSpecies = 7 
--------
 Species = 0 
Id = 33 
MeanFitness = 0.699142734832154 
Members = 11--------
 Species = 1 
Id = 15 
MeanFitness = 0.754447573895088 
Members = 14--------
 Species = 2 
Id = 14 
MeanFitness = 0.780127943846286 
Members = 11--------
 Species = 3 
Id = 10 
MeanFitness = 0.697737922865226 
Members = 14--------
 Species = 4 
Id = 26 
MeanFitness = 0.715959523351934 
Members = 11--------
 Species = 5 
Id = 42 
MeanFitness = 0.556956267414185 
Members = 11--------
 Species = 6 
Id = 25 
MeanFitness = 0.711593919860481 
Members = 16