Generation = 504 
MeanFitness = 0.715313740655398 
BestFitness = 0.927646301637665 
PopulationSize = 90 
AvgComplexity= 30.61905 
AmountSpecies = 7 
--------
 Species = 0 
Id = 15 
MeanFitness = 0.715847024098942 
Members = 14--------
 Species = 1 
Id = 14 
MeanFitness = 0.666461546807994 
Members = 12--------
 Species = 2 
Id = 64 
MeanFitness = 0.685022671486588 
Members = 12--------
 Species = 3 
Id = 61 
MeanFitness = 0.778313954682175 
Members = 11--------
 Species = 4 
Id = 26 
MeanFitness = 0.588780273565217 
Members = 12--------
 Species = 5 
Id = 25 
MeanFitness = 0.750738744859298 
Members = 11--------
 Species = 6 
Id = 73 
MeanFitness = 0.830145190032874 
Members = 12