Generation = 67 
MeanFitness = 0.667168084746504 
BestFitness = 0.91038542111879 
PopulationSize = 90 
AvgComplexity= 17.25 
AmountSpecies = 7 
--------
 Species = 0 
Id = 33 
MeanFitness = 0.708304947372197 
Members = 16--------
 Species = 1 
Id = 15 
MeanFitness = 0.635731705114059 
Members = 11--------
 Species = 2 
Id = 14 
MeanFitness = 0.758357246172959 
Members = 14--------
 Species = 3 
Id = 10 
MeanFitness = 0.761836456685618 
Members = 14--------
 Species = 4 
Id = 26 
MeanFitness = 0.564833173229731 
Members = 11--------
 Species = 5 
Id = 42 
MeanFitness = 0.464706352448578 
Members = 11--------
 Species = 6 
Id = 25 
MeanFitness = 0.70701972009101 
Members = 11