Generation = 56 
MeanFitness = 0.651915895264957 
BestFitness = 0.916453769892605 
PopulationSize = 90 
AvgComplexity= 17.23913 
AmountSpecies = 7 
--------
 Species = 0 
Id = 33 
MeanFitness = 0.648594556431794 
Members = 11--------
 Species = 1 
Id = 15 
MeanFitness = 0.730634216876773 
Members = 14--------
 Species = 2 
Id = 14 
MeanFitness = 0.748938222951043 
Members = 16--------
 Species = 3 
Id = 10 
MeanFitness = 0.606582917016922 
Members = 16--------
 Species = 4 
Id = 26 
MeanFitness = 0.628037335521445 
Members = 14--------
 Species = 5 
Id = 42 
MeanFitness = 0.618828683652435 
Members = 11--------
 Species = 6 
Id = 25 
MeanFitness = 0.532486675038701 
Members = 10