Generation = 496 
MeanFitness = 0.734111413212683 
BestFitness = 0.930240961239446 
PopulationSize = 90 
AvgComplexity= 30.09091 
AmountSpecies = 7 
--------
 Species = 0 
Id = 15 
MeanFitness = 0.767988813355393 
Members = 13--------
 Species = 1 
Id = 14 
MeanFitness = 0.669743911103932 
Members = 12--------
 Species = 2 
Id = 64 
MeanFitness = 0.667227485954547 
Members = 11--------
 Species = 3 
Id = 61 
MeanFitness = 0.735017393475432 
Members = 13--------
 Species = 4 
Id = 26 
MeanFitness = 0.758153433807859 
Members = 14--------
 Species = 5 
Id = 25 
MeanFitness = 0.782634893476783 
Members = 14--------
 Species = 6 
Id = 73 
MeanFitness = 0.73775071028938 
Members = 11