Generation = 547 
MeanFitness = 0.672757453447538 
BestFitness = 0.929565514875721 
PopulationSize = 90 
AvgComplexity= 31.4086 
AmountSpecies = 6 
--------
 Species = 0 
Id = 15 
MeanFitness = 0.718304046361199 
Members = 14--------
 Species = 1 
Id = 14 
MeanFitness = 0.736600813363298 
Members = 17--------
 Species = 2 
Id = 64 
MeanFitness = 0.641725993761426 
Members = 17--------
 Species = 3 
Id = 61 
MeanFitness = 0.583162689862706 
Members = 17--------
 Species = 4 
Id = 25 
MeanFitness = 0.805012010973575 
Members = 17--------
 Species = 5 
Id = 73 
MeanFitness = 0.498150989657017 
Members = 11