Generation = 546 
MeanFitness = 0.747426554791889 
BestFitness = 0.929631086130613 
PopulationSize = 90 
AvgComplexity= 31.7033 
AmountSpecies = 6 
--------
 Species = 0 
Id = 15 
MeanFitness = 0.696107147437912 
Members = 17--------
 Species = 1 
Id = 14 
MeanFitness = 0.76964858922798 
Members = 14--------
 Species = 2 
Id = 64 
MeanFitness = 0.798873231102666 
Members = 17--------
 Species = 3 
Id = 61 
MeanFitness = 0.768592471069255 
Members = 17--------
 Species = 4 
Id = 25 
MeanFitness = 0.833255123615788 
Members = 14--------
 Species = 5 
Id = 73 
MeanFitness = 0.591202171906836 
Members = 12