Generation = 548 
MeanFitness = 0.693187339456434 
BestFitness = 0.929026302952167 
PopulationSize = 90 
AvgComplexity= 31.1 
AmountSpecies = 6 
--------
 Species = 0 
Id = 15 
MeanFitness = 0.644182301947964 
Members = 17--------
 Species = 1 
Id = 14 
MeanFitness = 0.741203075704354 
Members = 17--------
 Species = 2 
Id = 64 
MeanFitness = 0.786277039559799 
Members = 16--------
 Species = 3 
Id = 61 
MeanFitness = 0.603863399388142 
Members = 12--------
 Species = 4 
Id = 25 
MeanFitness = 0.691872813091211 
Members = 17--------
 Species = 5 
Id = 73 
MeanFitness = 0.658788898438602 
Members = 11