Generation = 535 
MeanFitness = 0.738113342132238 
BestFitness = 0.928656751534637 
PopulationSize = 90 
AvgComplexity= 31.41936 
AmountSpecies = 6 
--------
 Species = 0 
Id = 15 
MeanFitness = 0.570190650588815 
Members = 16--------
 Species = 1 
Id = 14 
MeanFitness = 0.79320487085544 
Members = 17--------
 Species = 2 
Id = 64 
MeanFitness = 0.831463007535222 
Members = 17--------
 Species = 3 
Id = 61 
MeanFitness = 0.855214052732671 
Members = 14--------
 Species = 4 
Id = 25 
MeanFitness = 0.692352057292408 
Members = 17--------
 Species = 5 
Id = 73 
MeanFitness = 0.67992956366729 
Members = 12