Generation = 541 
MeanFitness = 0.757246137640613 
BestFitness = 0.928739143056403 
PopulationSize = 90 
AvgComplexity= 32.44944 
AmountSpecies = 6 
--------
 Species = 0 
Id = 15 
MeanFitness = 0.902387439142614 
Members = 12--------
 Species = 1 
Id = 14 
MeanFitness = 0.634958771208805 
Members = 17--------
 Species = 2 
Id = 64 
MeanFitness = 0.723537009929842 
Members = 16--------
 Species = 3 
Id = 61 
MeanFitness = 0.731439993191233 
Members = 16--------
 Species = 4 
Id = 25 
MeanFitness = 0.832973119002953 
Members = 14--------
 Species = 5 
Id = 73 
MeanFitness = 0.773621582412499 
Members = 14