Generation = 489 
MeanFitness = 0.672748000586813 
BestFitness = 0.927702984152967 
PopulationSize = 90 
AvgComplexity= 30.61628 
AmountSpecies = 7 
--------
 Species = 0 
Id = 15 
MeanFitness = 0.653336186304817 
Members = 14--------
 Species = 1 
Id = 14 
MeanFitness = 0.635355319436224 
Members = 14--------
 Species = 2 
Id = 64 
MeanFitness = 0.756553184254889 
Members = 12--------
 Species = 3 
Id = 61 
MeanFitness = 0.65739227471219 
Members = 11--------
 Species = 4 
Id = 26 
MeanFitness = 0.651203442257234 
Members = 11--------
 Species = 5 
Id = 25 
MeanFitness = 0.757949078668752 
Members = 12--------
 Species = 6 
Id = 73 
MeanFitness = 0.60383891069533 
Members = 12