Generation = 520 
MeanFitness = 0.689541785690968 
BestFitness = 0.928301220627358 
PopulationSize = 90 
AvgComplexity= 31.83146 
AmountSpecies = 7 
--------
 Species = 0 
Id = 15 
MeanFitness = 0.756235636537277 
Members = 12--------
 Species = 1 
Id = 14 
MeanFitness = 0.745386294406712 
Members = 12--------
 Species = 2 
Id = 64 
MeanFitness = 0.75093407906295 
Members = 12--------
 Species = 3 
Id = 61 
MeanFitness = 0.735072208454611 
Members = 11--------
 Species = 4 
Id = 26 
MeanFitness = 0.535207695359127 
Members = 10--------
 Species = 5 
Id = 25 
MeanFitness = 0.67941952217299 
Members = 16--------
 Species = 6 
Id = 73 
MeanFitness = 0.626872700315815 
Members = 16