Generation = 517 
MeanFitness = 0.749679544636706 
BestFitness = 0.931878070685805 
PopulationSize = 90 
AvgComplexity= 31.24138 
AmountSpecies = 7 
--------
 Species = 0 
Id = 15 
MeanFitness = 0.745927258932858 
Members = 11--------
 Species = 1 
Id = 14 
MeanFitness = 0.795678320643274 
Members = 12--------
 Species = 2 
Id = 64 
MeanFitness = 0.735575948499076 
Members = 16--------
 Species = 3 
Id = 61 
MeanFitness = 0.810899730878688 
Members = 11--------
 Species = 4 
Id = 26 
MeanFitness = 0.722744851383646 
Members = 12--------
 Species = 5 
Id = 25 
MeanFitness = 0.74528869101314 
Members = 11--------
 Species = 6 
Id = 73 
MeanFitness = 0.707753903858118 
Members = 14