Generation = 512 
MeanFitness = 0.740630503583531 
BestFitness = 0.929740828598817 
PopulationSize = 90 
AvgComplexity= 30.52747 
AmountSpecies = 7 
--------
 Species = 0 
Id = 15 
MeanFitness = 0.748051167498009 
Members = 11--------
 Species = 1 
Id = 14 
MeanFitness = 0.708762991862944 
Members = 14--------
 Species = 2 
Id = 64 
MeanFitness = 0.887539734542882 
Members = 12--------
 Species = 3 
Id = 61 
MeanFitness = 0.73024349773092 
Members = 16--------
 Species = 4 
Id = 26 
MeanFitness = 0.787302675429293 
Members = 11--------
 Species = 5 
Id = 25 
MeanFitness = 0.627778885111944 
Members = 16--------
 Species = 6 
Id = 73 
MeanFitness = 0.746087884347219 
Members = 11