Generation = 64 
MeanFitness = 0.751111830826718 
BestFitness = 0.90582594865482 
PopulationSize = 90 
AvgComplexity= 17.61111 
AmountSpecies = 7 
--------
 Species = 0 
Id = 33 
MeanFitness = 0.798848712792193 
Members = 12--------
 Species = 1 
Id = 15 
MeanFitness = 0.82039103762249 
Members = 14--------
 Species = 2 
Id = 14 
MeanFitness = 0.637724791036577 
Members = 11--------
 Species = 3 
Id = 10 
MeanFitness = 0.815310190396938 
Members = 16--------
 Species = 4 
Id = 26 
MeanFitness = 0.591377335550961 
Members = 12--------
 Species = 5 
Id = 42 
MeanFitness = 0.729359554358852 
Members = 11--------
 Species = 6 
Id = 25 
MeanFitness = 0.810641915847943 
Members = 14