Generation = 511 
MeanFitness = 0.740078745133255 
BestFitness = 0.92787222659457 
PopulationSize = 90 
AvgComplexity= 31.34831 
AmountSpecies = 7 
--------
 Species = 0 
Id = 15 
MeanFitness = 0.664123539357738 
Members = 11--------
 Species = 1 
Id = 14 
MeanFitness = 0.81408882144239 
Members = 12--------
 Species = 2 
Id = 64 
MeanFitness = 0.748285775039007 
Members = 11--------
 Species = 3 
Id = 61 
MeanFitness = 0.832345274742241 
Members = 14--------
 Species = 4 
Id = 26 
MeanFitness = 0.564622721233141 
Members = 11--------
 Species = 5 
Id = 25 
MeanFitness = 0.856065773434108 
Members = 16--------
 Species = 6 
Id = 73 
MeanFitness = 0.642907417591799 
Members = 14