Generation = 540 
MeanFitness = 0.705947274770339 
BestFitness = 0.930178226760631 
PopulationSize = 90 
AvgComplexity= 32.17391 
AmountSpecies = 6 
--------
 Species = 0 
Id = 15 
MeanFitness = 0.636801719387873 
Members = 17--------
 Species = 1 
Id = 14 
MeanFitness = 0.835316222913925 
Members = 14--------
 Species = 2 
Id = 64 
MeanFitness = 0.720774034266337 
Members = 16--------
 Species = 3 
Id = 61 
MeanFitness = 0.728664805944214 
Members = 16--------
 Species = 4 
Id = 25 
MeanFitness = 0.675240925215053 
Members = 15--------
 Species = 5 
Id = 73 
MeanFitness = 0.650532686206273 
Members = 14