Generation = 533 
MeanFitness = 0.660536929169015 
BestFitness = 0.928602555629968 
PopulationSize = 90 
AvgComplexity= 31.60674 
AmountSpecies = 6 
--------
 Species = 0 
Id = 15 
MeanFitness = 0.580969395785292 
Members = 11--------
 Species = 1 
Id = 14 
MeanFitness = 0.726093647402989 
Members = 16--------
 Species = 2 
Id = 64 
MeanFitness = 0.736196272755517 
Members = 17--------
 Species = 3 
Id = 61 
MeanFitness = 0.692254368714655 
Members = 17--------
 Species = 4 
Id = 25 
MeanFitness = 0.649130841932302 
Members = 17--------
 Species = 5 
Id = 73 
MeanFitness = 0.496430887828571 
Members = 11