Generation = 510 
MeanFitness = 0.726464142560405 
BestFitness = 0.927934855910825 
PopulationSize = 90 
AvgComplexity= 32.02151 
AmountSpecies = 7 
--------
 Species = 0 
Id = 15 
MeanFitness = 0.5823930808791 
Members = 11--------
 Species = 1 
Id = 14 
MeanFitness = 0.726818256237627 
Members = 16--------
 Species = 2 
Id = 64 
MeanFitness = 0.649505165206277 
Members = 14--------
 Species = 3 
Id = 61 
MeanFitness = 0.771387602726709 
Members = 14--------
 Species = 4 
Id = 26 
MeanFitness = 0.658783967240916 
Members = 8--------
 Species = 5 
Id = 25 
MeanFitness = 0.845915271302311 
Members = 14--------
 Species = 6 
Id = 73 
MeanFitness = 0.782510311339001 
Members = 16