Generation = 497 
MeanFitness = 0.683246334245016 
BestFitness = 0.929830062944451 
PopulationSize = 90 
AvgComplexity= 30.5 
AmountSpecies = 7 
--------
 Species = 0 
Id = 15 
MeanFitness = 0.646692132813555 
Members = 14--------
 Species = 1 
Id = 14 
MeanFitness = 0.648722999073222 
Members = 11--------
 Species = 2 
Id = 64 
MeanFitness = 0.742548091562194 
Members = 11--------
 Species = 3 
Id = 61 
MeanFitness = 0.824481077413598 
Members = 12--------
 Species = 4 
Id = 26 
MeanFitness = 0.597376532242095 
Members = 12--------
 Species = 5 
Id = 25 
MeanFitness = 0.722108279534321 
Members = 14--------
 Species = 6 
Id = 73 
MeanFitness = 0.602475471611936 
Members = 12