Generation = 539 
MeanFitness = 0.707936035897074 
BestFitness = 0.929406785592106 
PopulationSize = 90 
AvgComplexity= 32.42391 
AmountSpecies = 6 
--------
 Species = 0 
Id = 15 
MeanFitness = 0.739403965384824 
Members = 16--------
 Species = 1 
Id = 14 
MeanFitness = 0.686514089446716 
Members = 17--------
 Species = 2 
Id = 64 
MeanFitness = 0.704468692055677 
Members = 14--------
 Species = 3 
Id = 61 
MeanFitness = 0.821014082111728 
Members = 12--------
 Species = 4 
Id = 25 
MeanFitness = 0.650328523321993 
Members = 17--------
 Species = 5 
Id = 73 
MeanFitness = 0.678662297824084 
Members = 16