Generation = 531 
MeanFitness = 0.747404634291654 
BestFitness = 0.929532848805919 
PopulationSize = 90 
AvgComplexity= 31.29348 
AmountSpecies = 6 
--------
 Species = 0 
Id = 15 
MeanFitness = 0.747028844138372 
Members = 17--------
 Species = 1 
Id = 14 
MeanFitness = 0.727104787609579 
Members = 16--------
 Species = 2 
Id = 64 
MeanFitness = 0.844388624949822 
Members = 17--------
 Species = 3 
Id = 61 
MeanFitness = 0.71631664856605 
Members = 17--------
 Species = 4 
Id = 25 
MeanFitness = 0.703232253898707 
Members = 14--------
 Species = 5 
Id = 73 
MeanFitness = 0.731892563488621 
Members = 11