Generation = 492 
MeanFitness = 0.7754713528185 
BestFitness = 0.928600123341624 
PopulationSize = 90 
AvgComplexity= 31.94444 
AmountSpecies = 7 
--------
 Species = 0 
Id = 15 
MeanFitness = 0.64245132699895 
Members = 11--------
 Species = 1 
Id = 14 
MeanFitness = 0.800738338324233 
Members = 11--------
 Species = 2 
Id = 64 
MeanFitness = 0.792089708308793 
Members = 16--------
 Species = 3 
Id = 61 
MeanFitness = 0.889877835576932 
Members = 11--------
 Species = 4 
Id = 26 
MeanFitness = 0.657157829318115 
Members = 12--------
 Species = 5 
Id = 25 
MeanFitness = 0.833699937313304 
Members = 12--------
 Species = 6 
Id = 73 
MeanFitness = 0.79793827713212 
Members = 17