Generation = 542 
MeanFitness = 0.726397930094724 
BestFitness = 0.929832592947309 
PopulationSize = 90 
AvgComplexity= 32.65168 
AmountSpecies = 6 
--------
 Species = 0 
Id = 15 
MeanFitness = 0.657626755828754 
Members = 18--------
 Species = 1 
Id = 14 
MeanFitness = 0.714916522444943 
Members = 10--------
 Species = 2 
Id = 64 
MeanFitness = 0.771680398136134 
Members = 14--------
 Species = 3 
Id = 61 
MeanFitness = 0.708768709557441 
Members = 14--------
 Species = 4 
Id = 25 
MeanFitness = 0.840628457313288 
Members = 17--------
 Species = 5 
Id = 73 
MeanFitness = 0.665374854189217 
Members = 16