Generation = 501 
MeanFitness = 0.710647823838787 
BestFitness = 0.928924448179227 
PopulationSize = 90 
AvgComplexity= 30.32222 
AmountSpecies = 7 
--------
 Species = 0 
Id = 15 
MeanFitness = 0.662312175026757 
Members = 11--------
 Species = 1 
Id = 14 
MeanFitness = 0.772000478555779 
Members = 14--------
 Species = 2 
Id = 64 
MeanFitness = 0.608659707994865 
Members = 12--------
 Species = 3 
Id = 61 
MeanFitness = 0.780232725504927 
Members = 16--------
 Species = 4 
Id = 26 
MeanFitness = 0.754464711453511 
Members = 14--------
 Species = 5 
Id = 25 
MeanFitness = 0.691351211534341 
Members = 12--------
 Species = 6 
Id = 73 
MeanFitness = 0.656227537967018 
Members = 11