Generation = 502 
MeanFitness = 0.716701609497462 
BestFitness = 0.929780213096352 
PopulationSize = 90 
AvgComplexity= 30.29885 
AmountSpecies = 7 
--------
 Species = 0 
Id = 15 
MeanFitness = 0.813040224618932 
Members = 11--------
 Species = 1 
Id = 14 
MeanFitness = 0.708649300148191 
Members = 14--------
 Species = 2 
Id = 64 
MeanFitness = 0.835412778630993 
Members = 11--------
 Species = 3 
Id = 61 
MeanFitness = 0.772810334059654 
Members = 14--------
 Species = 4 
Id = 26 
MeanFitness = 0.695419103001435 
Members = 14--------
 Species = 5 
Id = 25 
MeanFitness = 0.612876688451452 
Members = 12--------
 Species = 6 
Id = 73 
MeanFitness = 0.580839491652975 
Members = 11