Generation = 488 
MeanFitness = 0.745877697510531 
BestFitness = 0.927842578398673 
PopulationSize = 90 
AvgComplexity= 30.45977 
AmountSpecies = 7 
--------
 Species = 0 
Id = 15 
MeanFitness = 0.831277969183991 
Members = 12--------
 Species = 1 
Id = 14 
MeanFitness = 0.825715136047013 
Members = 14--------
 Species = 2 
Id = 64 
MeanFitness = 0.739619104247729 
Members = 11--------
 Species = 3 
Id = 61 
MeanFitness = 0.706078635250885 
Members = 14--------
 Species = 4 
Id = 26 
MeanFitness = 0.570178411951873 
Members = 11--------
 Species = 5 
Id = 25 
MeanFitness = 0.777858947571604 
Members = 14--------
 Species = 6 
Id = 73 
MeanFitness = 0.74301030098542 
Members = 11