
ans =

    0.9811

