Generation = 8 
MeanFitness = 0.027028091011236 
BestFitness = 0.03175 
PopulationSize = 90 
AvgComplexity= 35.04494 
AmountSpecies = 1 
--------
 Species = 0 
Id = 0 
MeanFitness = 0.027028091011236 
Members = 89