Generation = 18 
MeanFitness = 0.0290393258426966 
BestFitness = 0.035375 
PopulationSize = 90 
AvgComplexity= 35.16854 
AmountSpecies = 1 
--------
 Species = 0 
Id = 0 
MeanFitness = 0.0290393258426966 
Members = 89