Generation = 4 
MeanFitness = 0.0237443865168539 
BestFitness = 0.031625 
PopulationSize = 90 
AvgComplexity= 35.01123 
AmountSpecies = 1 
--------
 Species = 0 
Id = 0 
MeanFitness = 0.0237443865168539 
Members = 89