Generation = 9 
MeanFitness = 0.0284845505617978 
BestFitness = 0.035 
PopulationSize = 90 
AvgComplexity= 35.08989 
AmountSpecies = 1 
--------
 Species = 0 
Id = 0 
MeanFitness = 0.0284845505617978 
Members = 89