Generation = 13 
MeanFitness = 0.0296516853932584 
BestFitness = 0.035 
PopulationSize = 90 
AvgComplexity= 35.10112 
AmountSpecies = 1 
--------
 Species = 0 
Id = 0 
MeanFitness = 0.0296516853932584 
Members = 89