Generation = 24 
MeanFitness = 0.0301390449438202 
BestFitness = 0.038875 
PopulationSize = 90 
AvgComplexity= 35.07865 
AmountSpecies = 1 
--------
 Species = 0 
Id = 0 
MeanFitness = 0.0301390449438202 
Members = 89