Generation = 1 
MeanFitness = 0.0199634842696629 
BestFitness = 0.0295 
PopulationSize = 90 
AvgComplexity= 35.02247 
AmountSpecies = 1 
--------
 Species = 0 
Id = 0 
MeanFitness = 0.0199634842696629 
Members = 89