Generation = 10 
MeanFitness = 0.0282949449438202 
BestFitness = 0.035 
PopulationSize = 90 
AvgComplexity= 35.11236 
AmountSpecies = 1 
--------
 Species = 0 
Id = 0 
MeanFitness = 0.0282949449438202 
Members = 89