Generation = 2 
MeanFitness = 0.0211769719101124 
BestFitness = 0.0295 
PopulationSize = 90 
AvgComplexity= 35.03371 
AmountSpecies = 1 
--------
 Species = 0 
Id = 0 
MeanFitness = 0.0211769719101124 
Members = 89