Generation = 15 
MeanFitness = 0.474243981914684 
BestFitness = 0.862451401982234 
PopulationSize = 90 
AvgComplexity= 7 
AmountSpecies = 1 
--------
 Species = 0 
Id = 0 
MeanFitness = 0.474243981914684 
Members = 89