Generation = 10 
MeanFitness = 0.532052479764131 
BestFitness = 0.859163876938989 
PopulationSize = 90 
AvgComplexity= 7 
AmountSpecies = 1 
--------
 Species = 0 
Id = 0 
MeanFitness = 0.532052479764131 
Members = 89