Generation = 10 
MeanFitness = 0.30481689500742 
BestFitness = 0.568035476160212 
PopulationSize = 90 
AvgComplexity= 7 
AmountSpecies = 1 
--------
 Species = 0 
Id = 0 
MeanFitness = 0.30481689500742 
Members = 89