Generation = 24 
MeanFitness = 0.369887609530833 
BestFitness = 0.579595114020401 
PopulationSize = 90 
AvgComplexity= 7.05618 
AmountSpecies = 1 
--------
 Species = 0 
Id = 0 
MeanFitness = 0.369887609530833 
Members = 89