Generation = 7 
MeanFitness = 0.566094049739669 
BestFitness = 0.859163876938989 
PopulationSize = 90 
AvgComplexity= 7.033708 
AmountSpecies = 1 
--------
 Species = 0 
Id = 0 
MeanFitness = 0.566094049739669 
Members = 89