Generation = 12 
MeanFitness = 0.481069231735147 
BestFitness = 0.859163876938989 
PopulationSize = 90 
AvgComplexity= 7.044944 
AmountSpecies = 1 
--------
 Species = 0 
Id = 0 
MeanFitness = 0.481069231735147 
Members = 89