Generation = 19 
MeanFitness = 0.562677056029508 
BestFitness = 0.862451401982234 
PopulationSize = 90 
AvgComplexity= 7.033708 
AmountSpecies = 1 
--------
 Species = 0 
Id = 0 
MeanFitness = 0.562677056029508 
Members = 89