Generation = 3 
MeanFitness = 0.214817213353223 
BestFitness = 0.859163876938989 
PopulationSize = 90 
AvgComplexity= 7.022472 
AmountSpecies = 1 
--------
 Species = 0 
Id = 0 
MeanFitness = 0.214817213353223 
Members = 89