Generation = 23 
MeanFitness = 0.505844460003727 
BestFitness = 0.862451401982234 
PopulationSize = 90 
AvgComplexity= 7.011236 
AmountSpecies = 1 
--------
 Species = 0 
Id = 0 
MeanFitness = 0.505844460003727 
Members = 89