Generation = 13 
MeanFitness = 0.496250949649405 
BestFitness = 0.859163876938989 
PopulationSize = 90 
AvgComplexity= 7.011236 
AmountSpecies = 1 
--------
 Species = 0 
Id = 0 
MeanFitness = 0.496250949649405 
Members = 89