Generation = 31 
MeanFitness = 0.56010779208565 
BestFitness = 0.862451401982234 
PopulationSize = 90 
AvgComplexity= 7 
AmountSpecies = 1 
--------
 Species = 0 
Id = 0 
MeanFitness = 0.56010779208565 
Members = 89