Generation = 15 
MeanFitness = 0.571153197171391 
BestFitness = 0.909422371175115 
PopulationSize = 90 
AvgComplexity= 11.05618 
AmountSpecies = 1 
--------
 Species = 0 
Id = 0 
MeanFitness = 0.571153197171391 
Members = 89