Generation = 4 
MeanFitness = 0.448218062392966 
BestFitness = 0.896207923539497 
PopulationSize = 90 
AvgComplexity= 11.08989 
AmountSpecies = 1 
--------
 Species = 0 
Id = 0 
MeanFitness = 0.448218062392966 
Members = 89