Generation = 2 
MeanFitness = 0.036159995316722 
BestFitness = 0.865996850124835 
PopulationSize = 90 
AvgComplexity= 11.19101 
AmountSpecies = 1 
--------
 Species = 0 
Id = 0 
MeanFitness = 0.036159995316722 
Members = 89