Generation = 14 
MeanFitness = 0.622702145514918 
BestFitness = 0.909422371175115 
PopulationSize = 90 
AvgComplexity= 11.05618 
AmountSpecies = 1 
--------
 Species = 0 
Id = 0 
MeanFitness = 0.622702145514918 
Members = 89