Generation = 19 
MeanFitness = 0.527905586977756 
BestFitness = 0.91518488393754 
PopulationSize = 90 
AvgComplexity= 11.38202 
AmountSpecies = 2 
--------
 Species = 0 
Id = 1 
MeanFitness = 0.175606639706192 
Members = 5--------
 Species = 1 
Id = 0 
MeanFitness = 0.548875762410587 
Members = 84