Generation = 21 
MeanFitness = 0.478387324905107 
BestFitness = 0.831935831958553 
PopulationSize = 90 
AvgComplexity= 7 
AmountSpecies = 1 
--------
 Species = 0 
Id = 0 
MeanFitness = 0.478387324905107 
Members = 89