Generation = 6 
MeanFitness = 0.00760675393258427 
BestFitness = 0.022375 
PopulationSize = 90 
AvgComplexity= 19.37079 
AmountSpecies = 1 
--------
 Species = 0 
Id = 0 
MeanFitness = 0.00760675393258427 
Members = 89