Generation = 5 
MeanFitness = 0.00604355280898876 
BestFitness = 0.01675 
PopulationSize = 90 
AvgComplexity= 19.35955 
AmountSpecies = 1 
--------
 Species = 0 
Id = 0 
MeanFitness = 0.00604355280898876 
Members = 89