Generation = 21 
MeanFitness = 165.545008833021 
BestFitness = 174.496307685778 
PopulationSize = 90 
AvgComplexity= 11.38202 
AmountSpecies = 1 
--------
 Species = 0 
Id = 0 
MeanFitness = 165.545008833021 
Members = 89