Generation = 22 
MeanFitness = 167.542609888284 
BestFitness = 174.496307685778 
PopulationSize = 90 
AvgComplexity= 11.38202 
AmountSpecies = 1 
--------
 Species = 0 
Id = 0 
MeanFitness = 167.542609888284 
Members = 89