Generation = 17 
MeanFitness = 165.537008142772 
BestFitness = 174.22724923225 
PopulationSize = 90 
AvgComplexity= 11.17978 
AmountSpecies = 1 
--------
 Species = 0 
Id = 0 
MeanFitness = 165.537008142772 
Members = 89