Generation = 1 
MeanFitness = 0.104908554019274 
BestFitness = 0.900858296994627 
PopulationSize = 90 
AvgComplexity= 11.05618 
AmountSpecies = 1 
--------
 Species = 0 
Id = 0 
MeanFitness = 0.104908554019274 
Members = 89