Generation = 66 
MeanFitness = 0.575799850443291 
BestFitness = 0.929143253284544 
PopulationSize = 90 
AvgComplexity= 17.68182 
AmountSpecies = 7 
--------
 Species = 0 
Id = 13 
MeanFitness = 0.473994673886208 
Members = 18--------
 Species = 1 
Id = 12 
MeanFitness = 0.746823572535284 
Members = 6--------
 Species = 2 
Id = 9 
MeanFitness = 0.510626146252387 
Members = 6--------
 Species = 3 
Id = 24 
MeanFitness = 0.708843806920021 
Members = 17--------
 Species = 4 
Id = 20 
MeanFitness = 0.679356752323018 
Members = 12--------
 Species = 5 
Id = 1 
MeanFitness = 0.533516872439221 
Members = 21--------
 Species = 6 
Id = 17 
MeanFitness = 0.398413041198952 
Members = 8