Generation = 579 
MeanFitness = 0.71483740467438 
BestFitness = 0.947430683246073 
PopulationSize = 90 
AvgComplexity= 45.52688 
AmountSpecies = 7 
--------
 Species = 0 
Id = 84 
MeanFitness = 0.5846711967365 
Members = 16--------
 Species = 1 
Id = 31 
MeanFitness = 0.892188087302662 
Members = 11--------
 Species = 2 
Id = 13 
MeanFitness = 0.821501872323766 
Members = 17--------
 Species = 3 
Id = 12 
MeanFitness = 0.860222826856599 
Members = 11--------
 Species = 4 
Id = 56 
MeanFitness = 0.564251110917843 
Members = 11--------
 Species = 5 
Id = 20 
MeanFitness = 0.707537267389764 
Members = 16--------
 Species = 6 
Id = 73 
MeanFitness = 0.577793554849539 
Members = 11