Generation = 81 
MeanFitness = 0.589066115675687 
BestFitness = 0.93458312779077 
PopulationSize = 90 
AvgComplexity= 18.21177 
AmountSpecies = 7 
--------
 Species = 0 
Id = 13 
MeanFitness = 0.550861475152033 
Members = 12--------
 Species = 1 
Id = 12 
MeanFitness = 0.612162352666483 
Members = 12--------
 Species = 2 
Id = 9 
MeanFitness = 0.36127856286362 
Members = 8--------
 Species = 3 
Id = 24 
MeanFitness = 0.702044360910597 
Members = 20--------
 Species = 4 
Id = 20 
MeanFitness = 0.659544377344005 
Members = 11--------
 Species = 5 
Id = 1 
MeanFitness = 0.483978759364602 
Members = 11--------
 Species = 6 
Id = 17 
MeanFitness = 0.600405788517786 
Members = 11