Generation = 82 
MeanFitness = 0.570242022621239 
BestFitness = 0.937374849580855 
PopulationSize = 90 
AvgComplexity= 18.15385 
AmountSpecies = 7 
--------
 Species = 0 
Id = 13 
MeanFitness = 0.595834284500849 
Members = 11--------
 Species = 1 
Id = 12 
MeanFitness = 0.583712958924884 
Members = 14--------
 Species = 2 
Id = 9 
MeanFitness = 0.616614550814912 
Members = 8--------
 Species = 3 
Id = 24 
MeanFitness = 0.570949708830667 
Members = 17--------
 Species = 4 
Id = 20 
MeanFitness = 0.526295239204613 
Members = 16--------
 Species = 5 
Id = 1 
MeanFitness = 0.585486787417559 
Members = 11--------
 Species = 6 
Id = 17 
MeanFitness = 0.547551825611959 
Members = 14