Generation = 68 
MeanFitness = 0.614450651281611 
BestFitness = 0.931648612241559 
PopulationSize = 90 
AvgComplexity= 17.52326 
AmountSpecies = 7 
--------
 Species = 0 
Id = 13 
MeanFitness = 0.577652964327182 
Members = 12--------
 Species = 1 
Id = 12 
MeanFitness = 0.681873848124168 
Members = 12--------
 Species = 2 
Id = 9 
MeanFitness = 0.449503415411555 
Members = 8--------
 Species = 3 
Id = 24 
MeanFitness = 0.605459187664511 
Members = 17--------
 Species = 4 
Id = 20 
MeanFitness = 0.628026334678533 
Members = 11--------
 Species = 5 
Id = 1 
MeanFitness = 0.723643648346327 
Members = 14--------
 Species = 6 
Id = 17 
MeanFitness = 0.566691665741733 
Members = 12