Generation = 6 
MeanFitness = 0.57687088228659 
BestFitness = 0.928278137183612 
PopulationSize = 90 
AvgComplexity= 11.03371 
AmountSpecies = 1 
--------
 Species = 0 
Id = 0 
MeanFitness = 0.57687088228659 
Members = 89