Generation = 580 
MeanFitness = 0.689940546326557 
BestFitness = 0.948090389635172 
PopulationSize = 90 
AvgComplexity= 45.14894 
AmountSpecies = 7 
--------
 Species = 0 
Id = 84 
MeanFitness = 0.668566252393532 
Members = 11--------
 Species = 1 
Id = 31 
MeanFitness = 0.65907712717679 
Members = 17--------
 Species = 2 
Id = 13 
MeanFitness = 0.766110744301322 
Members = 16--------
 Species = 3 
Id = 12 
MeanFitness = 0.657256691473069 
Members = 16--------
 Species = 4 
Id = 56 
MeanFitness = 0.763468251462925 
Members = 11--------
 Species = 5 
Id = 20 
MeanFitness = 0.862302456335248 
Members = 12--------
 Species = 6 
Id = 73 
MeanFitness = 0.434201109259702 
Members = 11