Generation = 561 
MeanFitness = 0.628931484990927 
BestFitness = 0.947282291060326 
PopulationSize = 90 
AvgComplexity= 47.08889 
AmountSpecies = 7 
--------
 Species = 0 
Id = 84 
MeanFitness = 0.388529986742625 
Members = 10--------
 Species = 1 
Id = 31 
MeanFitness = 0.66631189198425 
Members = 12--------
 Species = 2 
Id = 13 
MeanFitness = 0.842843811018208 
Members = 12--------
 Species = 3 
Id = 12 
MeanFitness = 0.679703696019799 
Members = 17--------
 Species = 4 
Id = 56 
MeanFitness = 0.68545967528182 
Members = 12--------
 Species = 5 
Id = 20 
MeanFitness = 0.530557132910074 
Members = 11--------
 Species = 6 
Id = 73 
MeanFitness = 0.562003621749904 
Members = 16