Generation = 25 
MeanFitness = 0.51578310383356 
BestFitness = 0.931827594226052 
PopulationSize = 90 
AvgComplexity= 11.70968 
AmountSpecies = 4 
--------
 Species = 0 
Id = 4 
MeanFitness = 0.189942434628148 
Members = 5--------
 Species = 1 
Id = 2 
MeanFitness = 0.529763022377489 
Members = 30--------
 Species = 2 
Id = 1 
MeanFitness = 0.183283255113184 
Members = 11--------
 Species = 3 
Id = 0 
MeanFitness = 0.619342766081078 
Members = 47