Generation = 30 
MeanFitness = 0.503515409957069 
BestFitness = 0.929601928778968 
PopulationSize = 90 
AvgComplexity= 11.86667 
AmountSpecies = 6 
--------
 Species = 0 
Id = 8 
MeanFitness = 0.00675 
Members = 1--------
 Species = 1 
Id = 7 
MeanFitness = 0.375546782191235 
Members = 5--------
 Species = 2 
Id = 6 
MeanFitness = 0.70438949226105 
Members = 24--------
 Species = 3 
Id = 4 
MeanFitness = 0.547421762634762 
Members = 18--------
 Species = 4 
Id = 2 
MeanFitness = 0.522845632794441 
Members = 22--------
 Species = 5 
Id = 1 
MeanFitness = 0.25851797610057 
Members = 20