Generation = 75 
MeanFitness = 0.583751198736848 
BestFitness = 0.929962191267849 
PopulationSize = 90 
AvgComplexity= 17.55556 
AmountSpecies = 7 
--------
 Species = 0 
Id = 13 
MeanFitness = 0.434950918027777 
Members = 12--------
 Species = 1 
Id = 12 
MeanFitness = 0.545642887463702 
Members = 11--------
 Species = 2 
Id = 9 
MeanFitness = 0.543512440082582 
Members = 10--------
 Species = 3 
Id = 24 
MeanFitness = 0.568670352634322 
Members = 17--------
 Species = 4 
Id = 20 
MeanFitness = 0.613649589018611 
Members = 12--------
 Species = 5 
Id = 1 
MeanFitness = 0.738202360044218 
Members = 17--------
 Species = 6 
Id = 17 
MeanFitness = 0.572760865754363 
Members = 11