Generation = 73 
MeanFitness = 0.595586782913975 
BestFitness = 0.93566707534761 
PopulationSize = 90 
AvgComplexity= 17.61798 
AmountSpecies = 7 
--------
 Species = 0 
Id = 13 
MeanFitness = 0.734413130530808 
Members = 12--------
 Species = 1 
Id = 12 
MeanFitness = 0.744840801879305 
Members = 11--------
 Species = 2 
Id = 9 
MeanFitness = 0.495707366969446 
Members = 11--------
 Species = 3 
Id = 24 
MeanFitness = 0.620755284371828 
Members = 12--------
 Species = 4 
Id = 20 
MeanFitness = 0.38172317571384 
Members = 17--------
 Species = 5 
Id = 1 
MeanFitness = 0.484420784589049 
Members = 12--------
 Species = 6 
Id = 17 
MeanFitness = 0.771202102926573 
Members = 14