Generation = 33 
MeanFitness = 0.485630159800367 
BestFitness = 0.925643403032113 
PopulationSize = 90 
AvgComplexity= 11.90323 
AmountSpecies = 7 
--------
 Species = 0 
Id = 10 
MeanFitness = 0.0463333333333333 
Members = 1--------
 Species = 1 
Id = 9 
MeanFitness = 0.793823830883691 
Members = 1--------
 Species = 2 
Id = 7 
MeanFitness = 0.469964724153803 
Members = 10--------
 Species = 3 
Id = 6 
MeanFitness = 0.534972513129321 
Members = 20--------
 Species = 4 
Id = 4 
MeanFitness = 0.438081581283385 
Members = 22--------
 Species = 5 
Id = 2 
MeanFitness = 0.529263797463102 
Members = 22--------
 Species = 6 
Id = 1 
MeanFitness = 0.44957363886294 
Members = 17