Generation = 50 
MeanFitness = 0.460630398601404 
BestFitness = 0.93606953937947 
PopulationSize = 90 
AvgComplexity= 14.10345 
AmountSpecies = 6 
--------
 Species = 0 
Id = 13 
MeanFitness = 0.912515288421661 
Members = 1--------
 Species = 1 
Id = 12 
MeanFitness = 0.371337878548245 
Members = 17--------
 Species = 2 
Id = 9 
MeanFitness = 0.33216003533975 
Members = 11--------
 Species = 3 
Id = 7 
MeanFitness = 0.484842974345927 
Members = 18--------
 Species = 4 
Id = 6 
MeanFitness = 0.507303681879697 
Members = 18--------
 Species = 5 
Id = 1 
MeanFitness = 0.515326602444629 
Members = 22