Generation = 571 
MeanFitness = 0.608130588415708 
BestFitness = 0.948785575877241 
PopulationSize = 90 
AvgComplexity= 44.93258 
AmountSpecies = 7 
--------
 Species = 0 
Id = 84 
MeanFitness = 0.586594573961752 
Members = 16--------
 Species = 1 
Id = 31 
MeanFitness = 0.873372231333864 
Members = 12--------
 Species = 2 
Id = 13 
MeanFitness = 0.535776593390285 
Members = 14--------
 Species = 3 
Id = 12 
MeanFitness = 0.55605313298607 
Members = 14--------
 Species = 4 
Id = 56 
MeanFitness = 0.435818938582418 
Members = 11--------
 Species = 5 
Id = 20 
MeanFitness = 0.615437632153206 
Members = 11--------
 Species = 6 
Id = 73 
MeanFitness = 0.673473087476615 
Members = 11