Generation = 16 
MeanFitness = 0.606901436858763 
BestFitness = 0.917318929965719 
PopulationSize = 90 
AvgComplexity= 11.05618 
AmountSpecies = 1 
--------
 Species = 0 
Id = 0 
MeanFitness = 0.606901436858763 
Members = 89