Generation = 556 
MeanFitness = 0.658652649639505 
BestFitness = 0.948775926837389 
PopulationSize = 90 
AvgComplexity= 47.02198 
AmountSpecies = 7 
--------
 Species = 0 
Id = 84 
MeanFitness = 0.430902481257511 
Members = 10--------
 Species = 1 
Id = 31 
MeanFitness = 0.771505810015036 
Members = 12--------
 Species = 2 
Id = 13 
MeanFitness = 0.657651984597528 
Members = 16--------
 Species = 3 
Id = 12 
MeanFitness = 0.707728262911788 
Members = 12--------
 Species = 4 
Id = 56 
MeanFitness = 0.403680525560205 
Members = 11--------
 Species = 5 
Id = 20 
MeanFitness = 0.824791920588086 
Members = 16--------
 Species = 6 
Id = 73 
MeanFitness = 0.694140654668992 
Members = 14