Generation = 574 
MeanFitness = 0.685667973489832 
BestFitness = 0.948156614447797 
PopulationSize = 90 
AvgComplexity= 46.45454 
AmountSpecies = 7 
--------
 Species = 0 
Id = 84 
MeanFitness = 0.584403493132285 
Members = 14--------
 Species = 1 
Id = 31 
MeanFitness = 0.55015517962218 
Members = 12--------
 Species = 2 
Id = 13 
MeanFitness = 0.84546553929367 
Members = 12--------
 Species = 3 
Id = 12 
MeanFitness = 0.736434191888898 
Members = 14--------
 Species = 4 
Id = 56 
MeanFitness = 0.45333437940281 
Members = 10--------
 Species = 5 
Id = 20 
MeanFitness = 0.861463648507376 
Members = 12--------
 Species = 6 
Id = 73 
MeanFitness = 0.730621276692989 
Members = 14