Generation = 553 
MeanFitness = 0.598045201104097 
BestFitness = 0.949026702167638 
PopulationSize = 90 
AvgComplexity= 44.84946 
AmountSpecies = 7 
--------
 Species = 0 
Id = 84 
MeanFitness = 0.435741984995192 
Members = 17--------
 Species = 1 
Id = 31 
MeanFitness = 0.614156164481606 
Members = 10--------
 Species = 2 
Id = 13 
MeanFitness = 0.630112162902048 
Members = 12--------
 Species = 3 
Id = 12 
MeanFitness = 0.601702689647483 
Members = 16--------
 Species = 4 
Id = 56 
MeanFitness = 0.534537801774535 
Members = 10--------
 Species = 5 
Id = 20 
MeanFitness = 0.673693524265862 
Members = 17--------
 Species = 6 
Id = 73 
MeanFitness = 0.734751944863402 
Members = 11