Generation = 559 
MeanFitness = 0.726062655088945 
BestFitness = 0.94855581775747 
PopulationSize = 90 
AvgComplexity= 48.02247 
AmountSpecies = 7 
--------
 Species = 0 
Id = 84 
MeanFitness = 0.753320458469132 
Members = 12--------
 Species = 1 
Id = 31 
MeanFitness = 0.665884826956609 
Members = 14--------
 Species = 2 
Id = 13 
MeanFitness = 0.614318496182474 
Members = 12--------
 Species = 3 
Id = 12 
MeanFitness = 0.689685776039513 
Members = 11--------
 Species = 4 
Id = 56 
MeanFitness = 0.565041546819341 
Members = 10--------
 Species = 5 
Id = 20 
MeanFitness = 0.813743931775192 
Members = 15--------
 Species = 6 
Id = 73 
MeanFitness = 0.896160219229888 
Members = 15