Generation = 67 
MeanFitness = 0.591222412890297 
BestFitness = 0.925827620786883 
PopulationSize = 90 
AvgComplexity= 17.49462 
AmountSpecies = 7 
--------
 Species = 0 
Id = 13 
MeanFitness = 0.572336706974114 
Members = 11--------
 Species = 1 
Id = 12 
MeanFitness = 0.601356387805406 
Members = 16--------
 Species = 2 
Id = 9 
MeanFitness = 0.385504980562528 
Members = 12--------
 Species = 3 
Id = 24 
MeanFitness = 0.745211852852639 
Members = 17--------
 Species = 4 
Id = 20 
MeanFitness = 0.551914956613289 
Members = 16--------
 Species = 5 
Id = 1 
MeanFitness = 0.652031692886741 
Members = 11--------
 Species = 6 
Id = 17 
MeanFitness = 0.576862922438388 
Members = 10