Generation = 4 
MeanFitness = 0.014745797752809 
BestFitness = 0.024 
PopulationSize = 90 
AvgComplexity= 24.06742 
AmountSpecies = 1 
--------
 Species = 0 
Id = 0 
MeanFitness = 0.014745797752809 
Members = 89