Generation = 10 
MeanFitness = 0.0198511337078652 
BestFitness = 0.026 
PopulationSize = 90 
AvgComplexity= 24.55056 
AmountSpecies = 1 
--------
 Species = 0 
Id = 0 
MeanFitness = 0.0198511337078652 
Members = 89