Generation = 12 
MeanFitness = 0.0213609606741573 
BestFitness = 0.026 
PopulationSize = 90 
AvgComplexity= 24.96629 
AmountSpecies = 1 
--------
 Species = 0 
Id = 0 
MeanFitness = 0.0213609606741573 
Members = 89