Generation = 11 
MeanFitness = 0.0214564662921349 
BestFitness = 0.026 
PopulationSize = 90 
AvgComplexity= 24.70786 
AmountSpecies = 1 
--------
 Species = 0 
Id = 0 
MeanFitness = 0.0214564662921349 
Members = 89