Generation = 5 
MeanFitness = 0.0183918617977528 
BestFitness = 0.024 
PopulationSize = 90 
AvgComplexity= 24.13483 
AmountSpecies = 1 
--------
 Species = 0 
Id = 0 
MeanFitness = 0.0183918617977528 
Members = 89