Generation = 3 
MeanFitness = 0.0113202337078652 
BestFitness = 0.024 
PopulationSize = 90 
AvgComplexity= 24.14607 
AmountSpecies = 1 
--------
 Species = 0 
Id = 0 
MeanFitness = 0.0113202337078652 
Members = 89