Generation = 1 
MeanFitness = 0.00362364269662921 
BestFitness = 0.024 
PopulationSize = 90 
AvgComplexity= 24.06742 
AmountSpecies = 1 
--------
 Species = 0 
Id = 0 
MeanFitness = 0.00362364269662921 
Members = 89