Generation = 5 
MeanFitness = 95.7645203221491 
BestFitness = 127.988886853623 
PopulationSize = 90 
AvgComplexity= 11.25843 
AmountSpecies = 1 
--------
 Species = 0 
Id = 0 
MeanFitness = 95.7645203221491 
Members = 89